Unique_ID,Broad_Classification,SWAT_File,database_table,DATABASE_FIELD_NAME,SWAT_Header_Name,Text_File_Structure,Position_in_File,Line_in_file,Swat_code_type,SWAT_Code_Variable_Name,Description,Core,Units,Data_Type,Minimum_Range,Maximum_Range,Default_Value,Use_in_DB
66,CHANNEL,channel.cha,cha_dat,id,id,delimited,1,1,channel_cha,id,Channel data unique identifier,no,none,integer,1,9999,1,yes
67,CHANNEL,channel.cha,cha_dat,name,name,delimited,2,1,channel_cha,name,Channel data name,no,none,string,,,cha_dat,yes
68,CHANNEL,channel.cha,cha_dat,description,description,delimited,3,1,channel_cha,description,Channel description,no,none,string,,,Channel data,yes
69,CHANNEL,channel.cha,cha_dat,init,init,delimited,4,1,channel_cha,init,Initial channel properties,no,none,string,,,init_cha1,yes
70,CHANNEL,channel.cha,cha_dat,hyd,hyd,delimited,5,1,channel_cha,hyd,Channel hydrology reference,no,none,string,,,hyd_cha1,yes
71,CHANNEL,channel.cha,cha_dat,sed,sed,delimited,6,1,channel_cha,sed,Channel sediment reference,no,none,string,,,sed_cha1,yes
72,CHANNEL,channel.cha,cha_dat,nut,nut,delimited,7,1,channel_cha,nut,Channel nutrient reference,no,none,string,,,nut_cha1,yes
237,CHANNEL,channel.cha,sdchannel,k,k,delimited,1,1,sd_channel_read,k,Hydraulic conductivity for sd channel read,no,none,real,0,999,0,yes
238,CHANNEL,channel.cha,sdchannel,sd_dat(i)%name,sd_dat(i)%name,delimited,1,1,sd_channel_read,sd_dat(i)%name,Name or label for sd channel read,no,none,string,0,999,default,yes
239,CHANNEL,channel.cha,sdchannel,sd_dat(i)%initc,sd_dat(i)%initc,delimited,1,1,sd_channel_read,sd_dat(i)%initc,Initial value for sd channel read,no,none,real,0,999,0,yes
240,CHANNEL,channel.cha,sdchannel,sd_dat(i)%hydc,sd_dat(i)%hydc,delimited,1,1,sd_channel_read,sd_dat(i)%hydc,hydc parameter for sd channel read,no,none,real,0,999,0,yes
241,CHANNEL,channel.cha,sdchannel,sd_dat(i)%sedc,sd_dat(i)%sedc,delimited,1,1,sd_channel_read,sd_dat(i)%sedc,sedc parameter for sd channel read,no,tons/ha,real,0,999,0,yes
242,CHANNEL,channel.cha,sdchannel,sd_dat(i)%nutc,sd_dat(i)%nutc,delimited,1,1,sd_channel_read,sd_dat(i)%nutc,nutc parameter for sd channel read,no,none,real,0,999,0,yes
29,CONNECT,hru.con,hru_con,id,id,delimited,1,1,hru_con,id,HRU unique identifier,no,none,integer,1,9999,1,yes
30,CONNECT,hru.con,hru_con,name,name,delimited,2,1,hru_con,name,HRU name,no,none,string,,,hru,yes
31,CONNECT,hru.con,hru_con,gis_id,gis_id,delimited,3,1,hru_con,gis_id,GIS identifier,no,none,string,,,1,yes
32,CONNECT,hru.con,hru_con,area,area,delimited,4,1,hru_con,area,HRU area,no,ha,real,0.01,100000,1.0,yes
33,CONNECT,hru.con,hru_con,lat,lat,delimited,5,1,hru_con,lat,Latitude,no,deg,real,-90,90,40.0,yes
34,CONNECT,hru.con,hru_con,lon,lon,delimited,6,1,hru_con,lon,Longitude,no,deg,real,-180,180,-95.0,yes
35,CONNECT,hru.con,hru_con,elev,elev,delimited,7,1,hru_con,elev,Elevation,no,m,real,1,7000,300,yes
36,CONNECT,hru.con,hru_con,hru,hru,delimited,8,1,hru_con,hru,HRU data reference,no,none,integer,1,9999,1,yes
37,CONNECT,hru.con,hru_con,wst,wst,delimited,9,1,hru_con,wst,Weather station number,no,none,string,,,wst1,yes
38,CONNECT,hru.con,hru_con,cst,cst,delimited,10,1,hru_con,cst,Constituent data pointer,no,none,integer,1,9999,1,yes
39,CONNECT,hru.con,hru_con,ovfl,ovfl,delimited,11,1,hru_con,ovfl,Overflow connections pointer,no,none,integer,0,9999,0,yes
40,CONNECT,hru.con,hru_con,rule,rule,delimited,12,1,hru_con,rule,Ruleset pointer,no,none,integer,0,9999,0,yes
41,CONNECT,hru.con,hru_con,out_tot,out_tot,delimited,13,1,hru_con,out_tot,Total outgoing hydrographs,no,none,integer,1,12,1,yes
42,CONNECT,channel.con,cha_con,id,id,delimited,1,1,channel_con,id,Channel unique identifier,no,none,integer,1,9999,1,yes
43,CONNECT,channel.con,cha_con,name,name,delimited,2,1,channel_con,name,Channel name,no,none,string,,,cha,yes
44,CONNECT,channel.con,cha_con,gis_id,gis_id,delimited,3,1,channel_con,gis_id,GIS identifier,no,none,string,,,1,yes
45,CONNECT,channel.con,cha_con,area,area,delimited,4,1,channel_con,area,Channel area,no,ha,real,0.01,100000,1.0,yes
46,CONNECT,channel.con,cha_con,lat,lat,delimited,5,1,channel_con,lat,Latitude,no,deg,real,-90,90,40.0,yes
47,CONNECT,channel.con,cha_con,lon,lon,delimited,6,1,channel_con,lon,Longitude,no,deg,real,-180,180,-95.0,yes
48,CONNECT,channel.con,cha_con,elev,elev,delimited,7,1,channel_con,elev,Elevation,no,m,real,1,7000,300,yes
49,CONNECT,channel.con,cha_con,cha,cha,delimited,8,1,channel_con,cha,Channel data reference,no,none,integer,1,9999,1,yes
50,CONNECT,channel.con,cha_con,wst,wst,delimited,9,1,channel_con,wst,Weather station number,no,none,string,,,wst1,yes
51,CONNECT,channel.con,cha_con,cst,cst,delimited,10,1,channel_con,cst,Constituent data pointer,no,none,integer,1,9999,1,yes
52,CONNECT,channel.con,cha_con,ovfl,ovfl,delimited,11,1,channel_con,ovfl,Overflow connections pointer,no,none,real,0,9999,0,yes
53,CONNECT,channel.con,cha_con,rule,rule,delimited,12,1,channel_con,rule,Ruleset pointer,no,none,integer,0,9999,0,yes
54,CONNECT,channel.con,cha_con,out_tot,out_tot,delimited,13,1,channel_con,out_tot,Total outgoing hydrographs,no,none,integer,1,12,1,yes
108,GENERAL,constitdbread.con,constitdb,cs_db%num_pests,cs_db%num_pests,delimited,1,1,constit_db_read,cs_db%num_pests,num_pests parameter for constit db read,no,none,integer,1,9999,1,yes
109,GENERAL,constitdbread.con,constitdb,"cs_db%pests(i), i = 1, cs_db%num_pests","cs_db%pests(i), i = 1, cs_db%num_pests",delimited,1,1,constit_db_read,"cs_db%pests(i), i = 1, cs_db%num_pests",num_pests parameter for constit db read,no,none,integer,1,9999,1,yes
110,GENERAL,constitdbread.con,constitdb,cs_db%num_paths,cs_db%num_paths,delimited,1,1,constit_db_read,cs_db%num_paths,num_paths parameter for constit db read,no,none,integer,1,9999,1,yes
111,GENERAL,constitdbread.con,constitdb,"cs_db%paths(i), i = 1, cs_db%num_paths","cs_db%paths(i), i = 1, cs_db%num_paths",delimited,1,1,constit_db_read,"cs_db%paths(i), i = 1, cs_db%num_paths",num_paths parameter for constit db read,no,none,integer,1,9999,1,yes
112,GENERAL,constitdbread.con,constitdb,cs_db%num_metals,cs_db%num_metals,delimited,1,1,constit_db_read,cs_db%num_metals,num_metals parameter for constit db read,no,none,integer,1,9999,1,yes
113,GENERAL,constitdbread.con,constitdb,"cs_db%metals(i), i = 1, cs_db%num_metals","cs_db%metals(i), i = 1, cs_db%num_metals",delimited,1,1,constit_db_read,"cs_db%metals(i), i = 1, cs_db%num_metals",num_metals parameter for constit db read,no,none,integer,1,9999,1,yes
114,GENERAL,constitdbread.con,constitdb,cs_db%num_salts,cs_db%num_salts,delimited,1,1,constit_db_read,cs_db%num_salts,num_salts parameter for constit db read,no,none,integer,1,9999,1,yes
115,GENERAL,constitdbread.con,constitdb,"cs_db%salts(i), i = 1, cs_db%num_salts","cs_db%salts(i), i = 1, cs_db%num_salts",delimited,1,1,constit_db_read,"cs_db%salts(i), i = 1, cs_db%num_salts",num_salts parameter for constit db read,no,none,integer,1,9999,1,yes
116,GENERAL,constitdbread.con,constitdb,cs_db%num_cs,cs_db%num_cs,delimited,1,1,constit_db_read,cs_db%num_cs,num_cs parameter for constit db read,no,none,integer,1,9999,1,yes
117,GENERAL,constitdbread.con,constitdb,"cs_db%cs(i), i = 1, cs_db%num_cs","cs_db%cs(i), i = 1, cs_db%num_cs",delimited,1,1,constit_db_read,"cs_db%cs(i), i = 1, cs_db%num_cs",num_cs parameter for constit db read,no,none,integer,1,9999,1,yes
118,GENERAL,drsalt.dat,drsalt,dr_salt_name(ii),dr_salt_name(ii),delimited,1,1,dr_read_salt,dr_salt_name(ii),Name or label for dr read salt,no,none,string,0,999,default,yes
119,GENERAL,drsalt.dat,drsalt,"dr_salt(ii)%salt(isalt), isalt = 1, cs_db%num_salts","dr_salt(ii)%salt(isalt), isalt = 1, cs_db%num_salts",delimited,1,1,dr_read_salt,"dr_salt(ii)%salt(isalt), isalt = 1, cs_db%num_salts",num_salts parameter for dr read salt,no,none,integer,1,9999,1,yes
120,GENERAL,csirr.dat,csirr,cs_water_irr(icsi)%name,cs_water_irr(icsi)%name,delimited,1,1,cs_irr_read,cs_water_irr(icsi)%name,Name or label for cs irr read,no,none,string,0,999,default,yes
121,GENERAL,csirr.dat,csirr,cs_water_irr(icsi)%water,cs_water_irr(icsi)%water,delimited,1,1,cs_irr_read,cs_water_irr(icsi)%water,water parameter for cs irr read,no,none,real,0,999,0,yes
122,GENERAL,res.dat,res,k,k,delimited,1,1,res_read,k,Hydraulic conductivity for res read,no,none,real,0,999,0,yes
123,GENERAL,res.dat,res,res_dat_c(ires),res_dat_c(ires),delimited,1,1,res_read,res_dat_c(ires),res_dat_c(ires) parameter for res read,no,none,real,0,999,0,yes
124,GENERAL,lslsparmscal.dat,lslsparmscal,ls_prms(i)%name,ls_prms(i)%name,delimited,1,1,ls_read_lsparms_cal,ls_prms(i)%name,Name or label for ls read lsparms cal,no,none,string,0,999,default,yes
125,GENERAL,lslsparmscal.dat,lslsparmscal,ls_prms(i)%chg_typ,ls_prms(i)%chg_typ,delimited,1,1,ls_read_lsparms_cal,ls_prms(i)%chg_typ,chg_typ parameter for ls read lsparms cal,no,none,real,0,999,0,yes
126,GENERAL,lslsparmscal.dat,lslsparmscal,ls_prms(i)%neg,ls_prms(i)%neg,delimited,1,1,ls_read_lsparms_cal,ls_prms(i)%neg,neg parameter for ls read lsparms cal,no,none,real,0,999,0,yes
127,GENERAL,lslsparmscal.dat,lslsparmscal,ls_prms(i)%pos,ls_prms(i)%pos,delimited,1,1,ls_read_lsparms_cal,ls_prms(i)%pos,pos parameter for ls read lsparms cal,no,none,real,0,999,0,yes
128,GENERAL,lslsparmscal.dat,lslsparmscal,ls_prms(i)%lo,ls_prms(i)%lo,delimited,1,1,ls_read_lsparms_cal,ls_prms(i)%lo,lo parameter for ls read lsparms cal,no,none,real,0,999,0,yes
129,GENERAL,lslsparmscal.dat,lslsparmscal,ls_prms(i)%up,ls_prms(i)%up,delimited,1,1,ls_read_lsparms_cal,ls_prms(i)%up,up parameter for ls read lsparms cal,no,none,real,0,999,0,yes
130,GENERAL,satbuff.dat,satbuff,satbuff_db(ibuff),satbuff_db(ibuff),delimited,1,1,sat_buff_read,satbuff_db(ibuff),satbuff_db(ibuff) parameter for sat buff read,no,none,real,0,999,0,yes
131,GENERAL,aquinitcs.dat,aquinitcs,aqu_init_dat_c_cs(iaqu),aqu_init_dat_c_cs(iaqu),delimited,1,1,aqu_read_init_cs,aqu_init_dat_c_cs(iaqu),Initial value for aqu read init cs,no,none,real,0,999,0,yes
132,GENERAL,resreadconds.con,resconds,ctbl(ictbl)%name,ctbl(ictbl)%name,delimited,1,1,res_read_conds,ctbl(ictbl)%name,Name or label for res read conds,no,none,string,0,999,default,yes
133,GENERAL,resreadconds.con,resconds,ctbl(ictbl)%num_conds,ctbl(ictbl)%num_conds,delimited,1,1,res_read_conds,ctbl(ictbl)%num_conds,Coefficient for res read conds,no,coefficient,integer,1,9999,1,yes
134,GENERAL,resreadconds.con,resconds,ctbl(ictbl)%num_modules,ctbl(ictbl)%num_modules,delimited,1,1,res_read_conds,ctbl(ictbl)%num_modules,Month for res read conds,no,none,integer,1,9999,1,yes
135,GENERAL,resreadconds.con,resconds,ctbl(ictbl)%conds(ii)%num_conds,ctbl(ictbl)%conds(ii)%num_conds,delimited,1,1,res_read_conds,ctbl(ictbl)%conds(ii)%num_conds,Coefficient for res read conds,no,coefficient,integer,1,9999,1,yes
136,GENERAL,resreadconds.con,resconds,"ctbl(ictbl)%conds(ii)%scon(icc), icc = 1, isub_con","ctbl(ictbl)%conds(ii)%scon(icc), icc = 1, isub_con",delimited,1,1,res_read_conds,"ctbl(ictbl)%conds(ii)%scon(icc), icc = 1, isub_con",Coefficient for res read conds,no,coefficient,real,0,999,0,yes
137,GENERAL,resreadconds.con,resconds,ctbl(ictbl)%conds(ii)%action,ctbl(ictbl)%conds(ii)%action,delimited,1,1,res_read_conds,ctbl(ictbl)%conds(ii)%action,action parameter for res read conds,no,coefficient,real,0,999,0,yes
138,GENERAL,resreadconds.con,resconds,ctbl(ictbl)%mods(imod)%con(ii)%num_conds,ctbl(ictbl)%mods(imod)%con(ii)%num_conds,delimited,1,1,res_read_conds,ctbl(ictbl)%mods(imod)%con(ii)%num_conds,Coefficient for res read conds,no,coefficient,integer,1,9999,1,yes
139,GENERAL,resreadconds.con,resconds,"ctbl(ictbl)%mods(imod)%con(ii)%scon(icc), icc = 1, isub_con","ctbl(ictbl)%mods(imod)%con(ii)%scon(icc), icc = 1, isub_con",delimited,1,1,res_read_conds,"ctbl(ictbl)%mods(imod)%con(ii)%scon(icc), icc = 1, isub_con",Coefficient for res read conds,no,coefficient,real,0,999,0,yes
140,GENERAL,resreadconds.con,resconds,ctbl(ictbl)%mods(imod)%con(ii)%action,ctbl(ictbl)%mods(imod)%con(ii)%action,delimited,1,1,res_read_conds,ctbl(ictbl)%mods(imod)%con(ii)%action,action parameter for res read conds,no,coefficient,real,0,999,0,yes
141,GENERAL,ressalt.dat,ressalt,res_salt_data(ires)%name,res_salt_data(ires)%name,delimited,1,1,res_read_salt,res_salt_data(ires)%name,Name or label for res read salt,no,none,string,0,999,default,yes
142,GENERAL,ressalt.dat,ressalt,res_salt_data(ires)%c_init,res_salt_data(ires)%c_init,delimited,1,1,res_read_salt,res_salt_data(ires)%c_init,Initial value for res read salt,no,none,real,0,999,0,yes
143,GENERAL,cscha.dat,cscha,cs_cha_ini(icsi)%name,cs_cha_ini(icsi)%name,delimited,1,1,cs_cha_read,cs_cha_ini(icsi)%name,Name or label for cs cha read,no,none,string,0,999,default,yes
144,GENERAL,cscha.dat,cscha,cs_cha_ini(icsi)%conc,cs_cha_ini(icsi)%conc,delimited,1,1,cs_cha_read,cs_cha_ini(icsi)%conc,Coefficient for cs cha read,no,coefficient,real,0,999,0,yes
145,GENERAL,cscha.dat,cscha,cs_str_obs(i),cs_str_obs(i),delimited,1,1,cs_cha_read,cs_str_obs(i),cs_str_obs(i) parameter for cs cha read,no,none,real,0,999,0,yes
146,GENERAL,gwflow.dat,gwflow,grid_nrow,grid_nrow,delimited,1,1,gwflow_read,grid_nrow,Unique identifier for gwflow read,no,none,integer,1,9999,1,yes
147,GENERAL,gwflow.dat,gwflow,grid_ncol,grid_ncol,delimited,1,1,gwflow_read,grid_ncol,Unique identifier for gwflow read,no,coefficient,integer,1,9999,1,yes
148,GENERAL,gwflow.dat,gwflow,dum,dum,delimited,1,1,gwflow_read,dum,dum parameter for gwflow read,no,none,real,0,999,0,yes
149,GENERAL,gwflow.dat,gwflow,zones_aquK(i),zones_aquK(i),delimited,1,1,gwflow_read,zones_aquK(i),Hydraulic conductivity for gwflow read,no,none,real,0,999,0,yes
150,GENERAL,gwflow.dat,gwflow,zones_aquSy(i),zones_aquSy(i),delimited,1,1,gwflow_read,zones_aquSy(i),zones_aquSy(i) parameter for gwflow read,no,none,real,0,999,0,yes
151,GENERAL,gwflow.dat,gwflow,zones_strK(i),zones_strK(i),delimited,1,1,gwflow_read,zones_strK(i),Hydraulic conductivity for gwflow read,no,none,real,0,999,0,yes
152,GENERAL,gwflow.dat,gwflow,zones_strbed(i),zones_strbed(i),delimited,1,1,gwflow_read,zones_strbed(i),zones_strbed(i) parameter for gwflow read,no,none,real,0,999,0,yes
153,GENERAL,gwflow.dat,gwflow,"(grid_status(i,j),j=1,grid_ncol),i=1,grid_nrow","(grid_status(i,j),j=1,grid_ncol),i=1,grid_nrow",delimited,1,1,gwflow_read,"(grid_status(i,j),j=1,grid_ncol),i=1,grid_nrow",Unique identifier for gwflow read,no,coefficient,integer,1,9999,1,yes
154,GENERAL,gwflow.dat,gwflow,"(grid_val(i,j),j=1,grid_ncol),i=1,grid_nrow","(grid_val(i,j),j=1,grid_ncol),i=1,grid_nrow",delimited,1,1,gwflow_read,"(grid_val(i,j),j=1,grid_ncol),i=1,grid_nrow",Unique identifier for gwflow read,no,coefficient,integer,1,9999,1,yes
155,GENERAL,gwflow.dat,gwflow,"(grid_int(i,j),j=1,grid_ncol),i=1,grid_nrow","(grid_int(i,j),j=1,grid_ncol),i=1,grid_nrow",delimited,1,1,gwflow_read,"(grid_int(i,j),j=1,grid_ncol),i=1,grid_nrow",Unique identifier for gwflow read,no,coefficient,integer,1,9999,1,yes
156,GENERAL,gwflow.dat,gwflow,dum1,dum1,delimited,1,1,gwflow_read,dum1,dum1 parameter for gwflow read,no,none,real,0,999,0,yes
157,GENERAL,gwflow.dat,gwflow,K_zone,K_zone,delimited,1,1,gwflow_read,K_zone,Hydraulic conductivity for gwflow read,no,none,real,0,999,0,yes
158,GENERAL,gwflow.dat,gwflow,Sy_zone,Sy_zone,delimited,1,1,gwflow_read,Sy_zone,Sy_zone parameter for gwflow read,no,none,real,0,999,0,yes
159,GENERAL,gwflow.dat,gwflow,delay(i),delay(i),delimited,1,1,gwflow_read,delay(i),delay(i) parameter for gwflow read,no,none,real,0,999,0,yes
160,GENERAL,gwflow.dat,gwflow,gw_output_yr(i),gw_output_yr(i),delimited,1,1,gwflow_read,gw_output_yr(i),Year for gwflow read,no,none,real,0,999,0,yes
161,GENERAL,gwflow.dat,gwflow,gw_output_day(i),gw_output_day(i),delimited,1,1,gwflow_read,gw_output_day(i),Day for gwflow read,no,none,real,0,999,0,yes
162,GENERAL,gwflow.dat,gwflow,gw_obs_cells(k),gw_obs_cells(k),delimited,1,1,gwflow_read,gw_obs_cells(k),Hydraulic conductivity for gwflow read,no,none,real,0,999,0,yes
163,GENERAL,gwflow.dat,gwflow,usgs_id(k),usgs_id(k),delimited,1,1,gwflow_read,usgs_id(k),Unique identifier for gwflow read,no,none,integer,1,9999,1,yes
164,GENERAL,gwflow.dat,gwflow,pumpex_cell,pumpex_cell,delimited,1,1,gwflow_read,pumpex_cell,pumpex_cell parameter for gwflow read,no,none,real,0,999,0,yes
165,GENERAL,gwflow.dat,gwflow,gw_pumpex_nperiods(i),gw_pumpex_nperiods(i),delimited,1,1,gwflow_read,gw_pumpex_nperiods(i),gw_pumpex_nperiods(i) parameter for gwflow read,no,none,real,0,999,0,yes
166,GENERAL,gwflow.dat,gwflow,"gw_pumpex_dates(i,1,j)","gw_pumpex_dates(i,1,j)",delimited,1,1,gwflow_read,"gw_pumpex_dates(i,1,j)","gw_pumpex_dates(i,1,j) parameter for gwflow read",no,none,datetime,0,999,0,yes
167,GENERAL,gwflow.dat,gwflow,"gw_pumpex_dates(i,2,j)","gw_pumpex_dates(i,2,j)",delimited,1,1,gwflow_read,"gw_pumpex_dates(i,2,j)","gw_pumpex_dates(i,2,j) parameter for gwflow read",no,none,datetime,0,999,0,yes
168,GENERAL,gwflow.dat,gwflow,"gw_pumpex_rates(i,j)","gw_pumpex_rates(i,j)",delimited,1,1,gwflow_read,"gw_pumpex_rates(i,j)",Rate parameter for gwflow read,no,m/s,real,0,999,0,yes
169,GENERAL,gwflow.dat,gwflow,num_tile_cells(i),num_tile_cells(i),delimited,1,1,gwflow_read,num_tile_cells(i),num_tile_cells(i) parameter for gwflow read,no,none,integer,1,9999,1,yes
170,GENERAL,gwflow.dat,gwflow,"gw_tile_groups(i,j)","gw_tile_groups(i,j)",delimited,1,1,gwflow_read,"gw_tile_groups(i,j)","gw_tile_groups(i,j) parameter for gwflow read",no,none,real,0,999,0,yes
171,GENERAL,gwflow.dat,gwflow,"grid_int(i,j),j=1,grid_ncol","grid_int(i,j),j=1,grid_ncol",delimited,1,1,gwflow_read,"grid_int(i,j),j=1,grid_ncol",Unique identifier for gwflow read,no,coefficient,integer,1,9999,1,yes
172,GENERAL,gwflow.dat,gwflow,name,name,delimited,1,1,gwflow_read,name,Name or label for gwflow read,no,none,string,0,999,default,yes
173,GENERAL,gwflow.dat,gwflow,gwsol_sorb(s),gwsol_sorb(s),delimited,1,1,gwflow_read,gwsol_sorb(s),Solar radiation for gwflow read,no,none,real,0,999,0,yes
174,GENERAL,gwflow.dat,gwflow,gwsol_rctn(s),gwsol_rctn(s),delimited,1,1,gwflow_read,gwsol_rctn(s),Solar radiation for gwflow read,no,none,real,0,999,0,yes
175,GENERAL,gwflow.dat,gwflow,canal_out_conc(s),canal_out_conc(s),delimited,1,1,gwflow_read,canal_out_conc(s),Coefficient for gwflow read,no,coefficient,real,0,999,0,yes
176,GENERAL,gwflow.dat,gwflow,"grid_val(i,j),j=1,grid_ncol","grid_val(i,j),j=1,grid_ncol",delimited,1,1,gwflow_read,"grid_val(i,j),j=1,grid_ncol",Unique identifier for gwflow read,no,coefficient,integer,1,9999,1,yes
177,GENERAL,gwflow.dat,gwflow,"gwsol_state(i)%solute(s)%conc,s=1,gw_nsolute","gwsol_state(i)%solute(s)%conc,s=1,gw_nsolute",delimited,1,1,gwflow_read,"gwsol_state(i)%solute(s)%conc,s=1,gw_nsolute",Coefficient for gwflow read,no,coefficient,real,0,999,0,yes
178,GENERAL,gwflow.dat,gwflow,"cell_int(i),i=1,ncell","cell_int(i),i=1,ncell",delimited,1,1,gwflow_read,"cell_int(i),i=1,ncell","cell_int(i),i=1,ncell parameter for gwflow read",no,none,real,0,999,0,yes
179,GENERAL,gwflow.dat,gwflow,usgs_site_id,usgs_site_id,delimited,1,1,gwflow_read,usgs_site_id,Unique identifier for gwflow read,no,none,integer,1,9999,1,yes
180,GENERAL,gwflow.dat,gwflow,usgs_lat,usgs_lat,delimited,1,1,gwflow_read,usgs_lat,usgs_lat parameter for gwflow read,no,none,real,0,999,0,yes
181,GENERAL,gwflow.dat,gwflow,usgs_long,usgs_long,delimited,1,1,gwflow_read,usgs_long,usgs_long parameter for gwflow read,no,none,real,0,999,0,yes
182,GENERAL,gwflow.dat,gwflow,"head_vals(j),j=1,101","head_vals(j),j=1,101",delimited,1,1,gwflow_read,"head_vals(j),j=1,101","head_vals(j),j=1,101 parameter for gwflow read",no,none,real,0,999,0,yes
183,GENERAL,gwflow.dat,gwflow,hru_pump_ids(i),hru_pump_ids(i),delimited,1,1,gwflow_read,hru_pump_ids(i),Unique identifier for gwflow read,no,none,integer,1,9999,1,yes
184,GENERAL,gwflow.dat,gwflow,res_cell,res_cell,delimited,1,1,gwflow_read,res_cell,res_cell parameter for gwflow read,no,none,real,0,999,0,yes
185,GENERAL,gwflow.dat,gwflow,res_id,res_id,delimited,1,1,gwflow_read,res_id,Unique identifier for gwflow read,no,none,integer,1,9999,1,yes
186,GENERAL,gwflow.dat,gwflow,res_stage,res_stage,delimited,1,1,gwflow_read,res_stage,res_stage parameter for gwflow read,no,none,real,0,999,0,yes
187,GENERAL,gwflow.dat,gwflow,gw_fp_cellid(i),gw_fp_cellid(i),delimited,1,1,gwflow_read,gw_fp_cellid(i),Unique identifier for gwflow read,no,none,integer,1,9999,1,yes
188,GENERAL,gwflow.dat,gwflow,gw_fp_chanid(i),gw_fp_chanid(i),delimited,1,1,gwflow_read,gw_fp_chanid(i),Unique identifier for gwflow read,no,none,integer,1,9999,1,yes
189,GENERAL,gwflow.dat,gwflow,gw_fp_K(i),gw_fp_K(i),delimited,1,1,gwflow_read,gw_fp_K(i),Hydraulic conductivity for gwflow read,no,none,real,0,999,0,yes
190,GENERAL,gwflow.dat,gwflow,gw_fp_area(i),gw_fp_area(i),delimited,1,1,gwflow_read,gw_fp_area(i),Area in hectares for gwflow read,no,ha,real,0,100000,0,yes
191,GENERAL,gwflow.dat,gwflow,canal,canal,delimited,1,1,gwflow_read,canal,canal parameter for gwflow read,no,none,real,0,999,0,yes
192,GENERAL,gwflow.dat,gwflow,channel,channel,delimited,1,1,gwflow_read,channel,channel parameter for gwflow read,no,none,real,0,999,0,yes
193,GENERAL,gwflow.dat,gwflow,width,width,delimited,1,1,gwflow_read,width,Unique identifier for gwflow read,no,none,integer,1,9999,1,yes
194,GENERAL,gwflow.dat,gwflow,depth,depth,delimited,1,1,gwflow_read,depth,depth parameter for gwflow read,no,none,real,0,999,0,yes
195,GENERAL,gwflow.dat,gwflow,thick,thick,delimited,1,1,gwflow_read,thick,Hydraulic conductivity for gwflow read,no,none,real,0,999,0,yes
196,GENERAL,gwflow.dat,gwflow,day_beg,day_beg,delimited,1,1,gwflow_read,day_beg,Day for gwflow read,no,none,real,0,999,0,yes
197,GENERAL,gwflow.dat,gwflow,day_end,day_end,delimited,1,1,gwflow_read,day_end,Day for gwflow read,no,none,real,0,999,0,yes
198,GENERAL,gwflow.dat,gwflow,canalK_zones(i),canalK_zones(i),delimited,1,1,gwflow_read,canalK_zones(i),Hydraulic conductivity for gwflow read,no,none,real,0,999,0,yes
199,GENERAL,gwflow.dat,gwflow,cell_num,cell_num,delimited,1,1,gwflow_read,cell_num,cell_num parameter for gwflow read,no,none,integer,1,9999,1,yes
200,GENERAL,gwflow.dat,gwflow,length,length,delimited,1,1,gwflow_read,length,Length in meters for gwflow read,no,m,real,0,999,0,yes
201,GENERAL,gwflow.dat,gwflow,stage,stage,delimited,1,1,gwflow_read,stage,stage parameter for gwflow read,no,none,real,0,999,0,yes
202,GENERAL,gwflow.dat,gwflow,"gwsol_minl_state(i)%fract(m),m=1,gw_nminl","gwsol_minl_state(i)%fract(m),m=1,gw_nminl",delimited,1,1,gwflow_read,"gwsol_minl_state(i)%fract(m),m=1,gw_nminl",Fraction or ratio for gwflow read,no,fraction,real,0,1,0.5,yes
203,GENERAL,gwflow.dat,gwflow,lsu,lsu,delimited,1,1,gwflow_read,lsu,lsu parameter for gwflow read,no,none,real,0,999,0,yes
204,GENERAL,gwflow.dat,gwflow,lsu_area,lsu_area,delimited,1,1,gwflow_read,lsu_area,Area in hectares for gwflow read,no,ha,real,0,100000,0,yes
205,GENERAL,gwflow.dat,gwflow,"lsu_cells(k,cell_count)","lsu_cells(k,cell_count)",delimited,1,1,gwflow_read,"lsu_cells(k,cell_count)",Hydraulic conductivity for gwflow read,no,coefficient,real,0,999,0,yes
206,GENERAL,gwflow.dat,gwflow,poly_area,poly_area,delimited,1,1,gwflow_read,poly_area,Area in hectares for gwflow read,no,ha,real,0,100000,0,yes
207,GENERAL,gwflow.dat,gwflow,huc12(k),huc12(k),delimited,1,1,gwflow_read,huc12(k),Hydraulic conductivity for gwflow read,no,none,real,0,999,0,yes
208,GENERAL,gwflow.dat,gwflow,dum2,dum2,delimited,1,1,gwflow_read,dum2,dum2 parameter for gwflow read,no,none,real,0,999,0,yes
209,GENERAL,gwflow.dat,gwflow,dum3,dum3,delimited,1,1,gwflow_read,dum3,dum3 parameter for gwflow read,no,none,real,0,999,0,yes
210,GENERAL,gwflow.dat,gwflow,dum4,dum4,delimited,1,1,gwflow_read,dum4,dum4 parameter for gwflow read,no,none,real,0,999,0,yes
211,GENERAL,gwflow.dat,gwflow,dum5,dum5,delimited,1,1,gwflow_read,dum5,dum5 parameter for gwflow read,no,none,real,0,999,0,yes
212,GENERAL,gwflow.dat,gwflow,dum6,dum6,delimited,1,1,gwflow_read,dum6,dum6 parameter for gwflow read,no,none,real,0,999,0,yes
213,GENERAL,gwflow.dat,gwflow,dum7,dum7,delimited,1,1,gwflow_read,dum7,dum7 parameter for gwflow read,no,none,real,0,999,0,yes
214,GENERAL,gwflow.dat,gwflow,dum8,dum8,delimited,1,1,gwflow_read,dum8,dum8 parameter for gwflow read,no,none,real,0,999,0,yes
215,GENERAL,gwflow.dat,gwflow,huc12_id,huc12_id,delimited,1,1,gwflow_read,huc12_id,Unique identifier for gwflow read,no,none,integer,1,9999,1,yes
216,GENERAL,gwflow.dat,gwflow,hru_id,hru_id,delimited,1,1,gwflow_read,hru_id,Unique identifier for gwflow read,no,none,integer,1,9999,1,yes
217,GENERAL,gwflow.dat,gwflow,hru_area,hru_area,delimited,1,1,gwflow_read,hru_area,Area in hectares for gwflow read,no,ha,real,0,100000,0,yes
218,GENERAL,gwflow.dat,gwflow,"hru_cells(k,cell_count)","hru_cells(k,cell_count)",delimited,1,1,gwflow_read,"hru_cells(k,cell_count)",Hydraulic conductivity for gwflow read,no,coefficient,real,0,999,0,yes
219,GENERAL,gwflow.dat,gwflow,huc12_dum,huc12_dum,delimited,1,1,gwflow_read,huc12_dum,huc12_dum parameter for gwflow read,no,none,real,0,999,0,yes
220,GENERAL,gwflow.dat,gwflow,huc12_connect(k),huc12_connect(k),delimited,1,1,gwflow_read,huc12_connect(k),Hydraulic conductivity for gwflow read,no,coefficient,real,0,999,0,yes
221,GENERAL,gwflow.dat,gwflow,cell_area,cell_area,delimited,1,1,gwflow_read,cell_area,Area in hectares for gwflow read,no,ha,real,0,100000,0,yes
222,GENERAL,gwflow.dat,gwflow,obs_channels(i),obs_channels(i),delimited,1,1,gwflow_read,obs_channels(i),obs_channels(i) parameter for gwflow read,no,none,real,0,999,0,yes
223,GENERAL,gwflow.dat,gwflow,"obs_flow_vals(j,i),j=1,gw_num_obs_chan","obs_flow_vals(j,i),j=1,gw_num_obs_chan",delimited,1,1,gwflow_read,"obs_flow_vals(j,i),j=1,gw_num_obs_chan","obs_flow_vals(j,i),j=1,gw_num_obs_chan parameter for gwflow read",no,m3/s,integer,1,9999,1,yes
226,GENERAL,recallcs.dat,recallcs,jday,jday,delimited,1,1,recall_read_cs,jday,Day for recall read cs,no,none,real,0,999,0,yes
227,GENERAL,recallcs.dat,recallcs,mo,mo,delimited,1,1,recall_read_cs,mo,Month for recall read cs,no,none,real,0,999,0,yes
228,GENERAL,recallcs.dat,recallcs,day_mo,day_mo,delimited,1,1,recall_read_cs,day_mo,Month for recall read cs,no,none,real,0,999,0,yes
229,GENERAL,recallcs.dat,recallcs,iyr,iyr,delimited,1,1,recall_read_cs,iyr,Year for recall read cs,no,none,real,0,999,0,yes
230,GENERAL,recallcs.dat,recallcs,ob_typ,ob_typ,delimited,1,1,recall_read_cs,ob_typ,ob_typ parameter for recall read cs,no,none,real,0,999,0,yes
231,GENERAL,recallcs.dat,recallcs,ob_name,ob_name,delimited,1,1,recall_read_cs,ob_name,Name or label for recall read cs,no,none,string,0,999,default,yes
232,GENERAL,recallcs.dat,recallcs,"rec_cs(i)%hd_cs(istep,iyrs)%cs(ics),ics=1,cs_db%num_cs","rec_cs(i)%hd_cs(istep,iyrs)%cs(ics),ics=1,cs_db%num_cs",delimited,1,1,recall_read_cs,"rec_cs(i)%hd_cs(istep,iyrs)%cs(ics),ics=1,cs_db%num_cs",num_cs parameter for recall read cs,no,none,integer,1,9999,1,yes
233,GENERAL,recallcs.dat,recallcs,k,k,delimited,1,1,recall_read_cs,k,Hydraulic conductivity for recall read cs,no,none,real,0,999,0,yes
234,GENERAL,recallcs.dat,recallcs,rec_cs(i)%name,rec_cs(i)%name,delimited,1,1,recall_read_cs,rec_cs(i)%name,Name or label for recall read cs,no,none,string,0,999,default,yes
235,GENERAL,recallcs.dat,recallcs,rec_cs(i)%typ,rec_cs(i)%typ,delimited,1,1,recall_read_cs,rec_cs(i)%typ,typ parameter for recall read cs,no,none,real,0,999,0,yes
236,GENERAL,recallcs.dat,recallcs,rec_cs(i)%filename,rec_cs(i)%filename,delimited,1,1,recall_read_cs,rec_cs(i)%filename,Name or label for recall read cs,no,m,string,0,999,default,yes
243,GENERAL,salthruaqu.dat,salthruaqu,salt_soil_ini(isalti)%name,salt_soil_ini(isalti)%name,delimited,1,1,salt_hru_aqu_read,salt_soil_ini(isalti)%name,Name or label for salt hru aqu read,no,none,string,0,999,default,yes
244,GENERAL,salthruaqu.dat,salthruaqu,titldum,titldum,delimited,1,1,salt_hru_aqu_read,titldum,titldum parameter for salt hru aqu read,no,none,real,0,999,0,yes
245,GENERAL,salthruaqu.dat,salthruaqu,salt_soil_ini(isalti)%soil,salt_soil_ini(isalti)%soil,delimited,1,1,salt_hru_aqu_read,salt_soil_ini(isalti)%soil,soil parameter for salt hru aqu read,no,none,real,0,999,0,yes
246,GENERAL,salthruaqu.dat,salthruaqu,salt_soil_ini(isalti)%plt,salt_soil_ini(isalti)%plt,delimited,1,1,salt_hru_aqu_read,salt_soil_ini(isalti)%plt,plt parameter for salt hru aqu read,no,none,real,0,999,0,yes
247,GENERAL,wet.dat,wet,k,k,delimited,1,1,wet_read,k,Hydraulic conductivity for wet read,no,none,real,0,999,0,yes
248,GENERAL,wet.dat,wet,wet_dat_c(ires),wet_dat_c(ires),delimited,1,1,wet_read,wet_dat_c(ires),wet_dat_c(ires) parameter for wet read,no,none,real,0,999,0,yes
249,GENERAL,gwflowchan.dat,gwflowchan,cell_ID,cell_ID,delimited,1,1,gwflow_chan_read,cell_ID,Unique identifier for gwflow chan read,no,none,integer,1,9999,1,yes
250,GENERAL,gwflowchan.dat,gwflowchan,bed_elev,bed_elev,delimited,1,1,gwflow_chan_read,bed_elev,bed_elev parameter for gwflow chan read,no,none,real,0,999,0,yes
251,GENERAL,gwflowchan.dat,gwflowchan,channel,channel,delimited,1,1,gwflow_chan_read,channel,channel parameter for gwflow chan read,no,none,real,0,999,0,yes
252,GENERAL,gwflowchan.dat,gwflowchan,chan_length,chan_length,delimited,1,1,gwflow_chan_read,chan_length,Length in meters for gwflow chan read,no,m,real,0,999,0,yes
253,GENERAL,gwflowchan.dat,gwflowchan,chan_zone,chan_zone,delimited,1,1,gwflow_chan_read,chan_zone,chan_zone parameter for gwflow chan read,no,none,real,0,999,0,yes
254,GENERAL,excopath.dat,excopath,exco_path_name(ii),exco_path_name(ii),delimited,1,1,exco_read_path,exco_path_name(ii),Name or label for exco read path,no,coefficient,string,0,999,default,yes
255,GENERAL,excopath.dat,excopath,"exco_path(ii)%path(ipath), ipath = 1, cs_db%num_paths","exco_path(ii)%path(ipath), ipath = 1, cs_db%num_paths",delimited,1,1,exco_read_path,"exco_path(ii)%path(ipath), ipath = 1, cs_db%num_paths",num_paths parameter for exco read path,no,coefficient,integer,1,9999,1,yes
256,GENERAL,readcio.dat,readcio,name,name,delimited,1,1,readcio_read,name,Name or label for readcio read,no,none,string,0,999,default,yes
257,GENERAL,readcio.dat,readcio,in_sim,in_sim,delimited,1,1,readcio_read,in_sim,in_sim parameter for readcio read,no,none,real,0,999,0,yes
258,GENERAL,readcio.dat,readcio,in_basin,in_basin,delimited,1,1,readcio_read,in_basin,in_basin parameter for readcio read,no,none,real,0,999,0,yes
259,GENERAL,readcio.dat,readcio,in_cli,in_cli,delimited,1,1,readcio_read,in_cli,in_cli parameter for readcio read,no,none,real,0,999,0,yes
260,GENERAL,readcio.dat,readcio,in_con,in_con,delimited,1,1,readcio_read,in_con,Coefficient for readcio read,no,coefficient,real,0,999,0,yes
261,GENERAL,readcio.dat,readcio,in_cha,in_cha,delimited,1,1,readcio_read,in_cha,in_cha parameter for readcio read,no,none,real,0,999,0,yes
262,GENERAL,readcio.dat,readcio,in_res,in_res,delimited,1,1,readcio_read,in_res,in_res parameter for readcio read,no,none,real,0,999,0,yes
263,GENERAL,readcio.dat,readcio,in_ru,in_ru,delimited,1,1,readcio_read,in_ru,in_ru parameter for readcio read,no,none,real,0,999,0,yes
264,GENERAL,readcio.dat,readcio,in_hru,in_hru,delimited,1,1,readcio_read,in_hru,in_hru parameter for readcio read,no,none,real,0,999,0,yes
265,GENERAL,readcio.dat,readcio,in_exco,in_exco,delimited,1,1,readcio_read,in_exco,Coefficient for readcio read,no,coefficient,real,0,999,0,yes
266,GENERAL,readcio.dat,readcio,in_rec,in_rec,delimited,1,1,readcio_read,in_rec,in_rec parameter for readcio read,no,none,real,0,999,0,yes
267,GENERAL,readcio.dat,readcio,in_delr,in_delr,delimited,1,1,readcio_read,in_delr,in_delr parameter for readcio read,no,none,real,0,999,0,yes
268,GENERAL,readcio.dat,readcio,in_aqu,in_aqu,delimited,1,1,readcio_read,in_aqu,in_aqu parameter for readcio read,no,none,real,0,999,0,yes
269,GENERAL,readcio.dat,readcio,in_herd,in_herd,delimited,1,1,readcio_read,in_herd,in_herd parameter for readcio read,no,none,real,0,999,0,yes
270,GENERAL,readcio.dat,readcio,in_watrts,in_watrts,delimited,1,1,readcio_read,in_watrts,in_watrts parameter for readcio read,no,none,real,0,999,0,yes
271,GENERAL,readcio.dat,readcio,in_link,in_link,delimited,1,1,readcio_read,in_link,Hydraulic conductivity for readcio read,no,none,real,0,999,0,yes
272,GENERAL,readcio.dat,readcio,in_hyd,in_hyd,delimited,1,1,readcio_read,in_hyd,in_hyd parameter for readcio read,no,none,real,0,999,0,yes
273,GENERAL,readcio.dat,readcio,in_str,in_str,delimited,1,1,readcio_read,in_str,in_str parameter for readcio read,no,none,real,0,999,0,yes
274,GENERAL,readcio.dat,readcio,in_parmdb,in_parmdb,delimited,1,1,readcio_read,in_parmdb,in_parmdb parameter for readcio read,no,none,real,0,999,0,yes
275,GENERAL,readcio.dat,readcio,in_ops,in_ops,delimited,1,1,readcio_read,in_ops,in_ops parameter for readcio read,no,none,real,0,999,0,yes
276,GENERAL,readcio.dat,readcio,in_lum,in_lum,delimited,1,1,readcio_read,in_lum,in_lum parameter for readcio read,no,none,real,0,999,0,yes
277,GENERAL,readcio.dat,readcio,in_chg,in_chg,delimited,1,1,readcio_read,in_chg,in_chg parameter for readcio read,no,none,real,0,999,0,yes
278,GENERAL,readcio.dat,readcio,in_init,in_init,delimited,1,1,readcio_read,in_init,Initial value for readcio read,no,none,real,0,999,0,yes
279,GENERAL,readcio.dat,readcio,in_sol,in_sol,delimited,1,1,readcio_read,in_sol,Solar radiation for readcio read,no,none,real,0,999,0,yes
280,GENERAL,readcio.dat,readcio,in_cond,in_cond,delimited,1,1,readcio_read,in_cond,Coefficient for readcio read,no,coefficient,real,0,999,0,yes
281,GENERAL,readcio.dat,readcio,in_regs,in_regs,delimited,1,1,readcio_read,in_regs,in_regs parameter for readcio read,no,none,real,0,999,0,yes
282,GENERAL,readcio.dat,readcio,in_path_pcp,in_path_pcp,delimited,1,1,readcio_read,in_path_pcp,Precipitation for readcio read,no,mm,real,0,999,0,yes
283,GENERAL,readcio.dat,readcio,in_path_tmp,in_path_tmp,delimited,1,1,readcio_read,in_path_tmp,Temperature for readcio read,no,none,real,0,999,0,yes
284,GENERAL,readcio.dat,readcio,in_path_slr,in_path_slr,delimited,1,1,readcio_read,in_path_slr,in_path_slr parameter for readcio read,no,none,real,0,999,0,yes
285,GENERAL,readcio.dat,readcio,in_path_hmd,in_path_hmd,delimited,1,1,readcio_read,in_path_hmd,Humidity for readcio read,no,none,real,0,999,0,yes
286,GENERAL,readcio.dat,readcio,in_path_wnd,in_path_wnd,delimited,1,1,readcio_read,in_path_wnd,Wind for readcio read,no,none,real,0,999,0,yes
287,GENERAL,chsed.dat,chsed,ch_sed(ich),ch_sed(ich),delimited,1,1,ch_read_sed,ch_sed(ich),ch_sed(ich) parameter for ch read sed,no,tons/ha,real,0,999,0,yes
288,GENERAL,chparmscal.dat,chparmscal,ch_prms(i)%name,ch_prms(i)%name,delimited,1,1,ch_read_parms_cal,ch_prms(i)%name,Name or label for ch read parms cal,no,none,string,0,999,default,yes
289,GENERAL,chparmscal.dat,chparmscal,ch_prms(i)%chg_typ,ch_prms(i)%chg_typ,delimited,1,1,ch_read_parms_cal,ch_prms(i)%chg_typ,chg_typ parameter for ch read parms cal,no,none,real,0,999,0,yes
290,GENERAL,chparmscal.dat,chparmscal,ch_prms(i)%neg,ch_prms(i)%neg,delimited,1,1,ch_read_parms_cal,ch_prms(i)%neg,neg parameter for ch read parms cal,no,none,real,0,999,0,yes
291,GENERAL,chparmscal.dat,chparmscal,ch_prms(i)%pos,ch_prms(i)%pos,delimited,1,1,ch_read_parms_cal,ch_prms(i)%pos,pos parameter for ch read parms cal,no,none,real,0,999,0,yes
292,GENERAL,chparmscal.dat,chparmscal,ch_prms(i)%lo,ch_prms(i)%lo,delimited,1,1,ch_read_parms_cal,ch_prms(i)%lo,lo parameter for ch read parms cal,no,none,real,0,999,0,yes
293,GENERAL,chparmscal.dat,chparmscal,ch_prms(i)%up,ch_prms(i)%up,delimited,1,1,ch_read_parms_cal,ch_prms(i)%up,up parameter for ch read parms cal,no,none,real,0,999,0,yes
294,GENERAL,pesthruaqu.dat,pesthruaqu,pest_soil_ini(ipesti)%name,pest_soil_ini(ipesti)%name,delimited,1,1,pest_hru_aqu_read,pest_soil_ini(ipesti)%name,Name or label for pest hru aqu read,no,none,string,0,999,default,yes
295,GENERAL,pesthruaqu.dat,pesthruaqu,titldum,titldum,delimited,1,1,pest_hru_aqu_read,titldum,titldum parameter for pest hru aqu read,no,none,real,0,999,0,yes
296,GENERAL,pesthruaqu.dat,pesthruaqu,pest_soil_ini(ipesti)%soil(ipest),pest_soil_ini(ipesti)%soil(ipest),delimited,1,1,pest_hru_aqu_read,pest_soil_ini(ipesti)%soil(ipest),soil(ipest) parameter for pest hru aqu read,no,none,real,0,999,0,yes
297,GENERAL,pesthruaqu.dat,pesthruaqu,pest_soil_ini(ipesti)%plt(ipest),pest_soil_ini(ipesti)%plt(ipest),delimited,1,1,pest_hru_aqu_read,pest_soil_ini(ipesti)%plt(ipest),plt(ipest) parameter for pest hru aqu read,no,none,real,0,999,0,yes
298,GENERAL,cliatmodep.dat,cliatmodep,atmodep_cont%num_sta,atmodep_cont%num_sta,delimited,1,1,cli_read_atmodep,atmodep_cont%num_sta,num_sta parameter for cli read atmodep,no,coefficient,integer,1,9999,1,yes
299,GENERAL,cliatmodep.dat,cliatmodep,atmodep_cont%timestep,atmodep_cont%timestep,delimited,1,1,cli_read_atmodep,atmodep_cont%timestep,timestep parameter for cli read atmodep,no,coefficient,real,0,999,0,yes
300,GENERAL,cliatmodep.dat,cliatmodep,atmodep_cont%mo_init,atmodep_cont%mo_init,delimited,1,1,cli_read_atmodep,atmodep_cont%mo_init,Initial value for cli read atmodep,no,coefficient,real,0,999,0,yes
301,GENERAL,cliatmodep.dat,cliatmodep,atmodep_cont%yr_init,atmodep_cont%yr_init,delimited,1,1,cli_read_atmodep,atmodep_cont%yr_init,Initial value for cli read atmodep,no,coefficient,real,0,999,0,yes
302,GENERAL,cliatmodep.dat,cliatmodep,atmodep_cont%num,atmodep_cont%num,delimited,1,1,cli_read_atmodep,atmodep_cont%num,num parameter for cli read atmodep,no,coefficient,integer,1,9999,1,yes
303,GENERAL,cliatmodep.dat,cliatmodep,atmodep(iadep)%name,atmodep(iadep)%name,delimited,1,1,cli_read_atmodep,atmodep(iadep)%name,Name or label for cli read atmodep,no,none,string,0,999,default,yes
304,GENERAL,cliatmodep.dat,cliatmodep,atmodep(iadep)%nh4_rf,atmodep(iadep)%nh4_rf,delimited,1,1,cli_read_atmodep,atmodep(iadep)%nh4_rf,nh4_rf parameter for cli read atmodep,no,none,real,0,999,0,yes
305,GENERAL,cliatmodep.dat,cliatmodep,atmodep(iadep)%no3_rf,atmodep(iadep)%no3_rf,delimited,1,1,cli_read_atmodep,atmodep(iadep)%no3_rf,no3_rf parameter for cli read atmodep,no,none,real,0,999,0,yes
306,GENERAL,cliatmodep.dat,cliatmodep,atmodep(iadep)%nh4_dry,atmodep(iadep)%nh4_dry,delimited,1,1,cli_read_atmodep,atmodep(iadep)%nh4_dry,nh4_dry parameter for cli read atmodep,no,none,real,0,999,0,yes
307,GENERAL,cliatmodep.dat,cliatmodep,atmodep(iadep)%no3_dry,atmodep(iadep)%no3_dry,delimited,1,1,cli_read_atmodep,atmodep(iadep)%no3_dry,no3_dry parameter for cli read atmodep,no,none,real,0,999,0,yes
308,GENERAL,cliatmodep.dat,cliatmodep,"atmodep(iadep)%nh4_rfmo(imo), imo = 1,atmodep_cont%num","atmodep(iadep)%nh4_rfmo(imo), imo = 1,atmodep_cont%num",delimited,1,1,cli_read_atmodep,"atmodep(iadep)%nh4_rfmo(imo), imo = 1,atmodep_cont%num",num parameter for cli read atmodep,no,coefficient,integer,1,9999,1,yes
309,GENERAL,cliatmodep.dat,cliatmodep,"atmodep(iadep)%no3_rfmo(imo), imo = 1,atmodep_cont%num","atmodep(iadep)%no3_rfmo(imo), imo = 1,atmodep_cont%num",delimited,1,1,cli_read_atmodep,"atmodep(iadep)%no3_rfmo(imo), imo = 1,atmodep_cont%num",num parameter for cli read atmodep,no,coefficient,integer,1,9999,1,yes
310,GENERAL,cliatmodep.dat,cliatmodep,"atmodep(iadep)%nh4_drymo(imo),imo = 1,atmodep_cont%num","atmodep(iadep)%nh4_drymo(imo),imo = 1,atmodep_cont%num",delimited,1,1,cli_read_atmodep,"atmodep(iadep)%nh4_drymo(imo),imo = 1,atmodep_cont%num",num parameter for cli read atmodep,no,coefficient,integer,1,9999,1,yes
311,GENERAL,cliatmodep.dat,cliatmodep,"atmodep(iadep)%no3_drymo(imo),imo = 1,atmodep_cont%num","atmodep(iadep)%no3_drymo(imo),imo = 1,atmodep_cont%num",delimited,1,1,cli_read_atmodep,"atmodep(iadep)%no3_drymo(imo),imo = 1,atmodep_cont%num",num parameter for cli read atmodep,no,coefficient,integer,1,9999,1,yes
312,GENERAL,cliatmodep.dat,cliatmodep,"atmodep(iadep)%nh4_rfyr(iyr), iyr = 1,atmodep_cont%num","atmodep(iadep)%nh4_rfyr(iyr), iyr = 1,atmodep_cont%num",delimited,1,1,cli_read_atmodep,"atmodep(iadep)%nh4_rfyr(iyr), iyr = 1,atmodep_cont%num",num parameter for cli read atmodep,no,coefficient,integer,1,9999,1,yes
313,GENERAL,cliatmodep.dat,cliatmodep,"atmodep(iadep)%no3_rfyr(iyr), iyr = 1,atmodep_cont%num","atmodep(iadep)%no3_rfyr(iyr), iyr = 1,atmodep_cont%num",delimited,1,1,cli_read_atmodep,"atmodep(iadep)%no3_rfyr(iyr), iyr = 1,atmodep_cont%num",num parameter for cli read atmodep,no,coefficient,integer,1,9999,1,yes
314,GENERAL,cliatmodep.dat,cliatmodep,"atmodep(iadep)%nh4_dryyr(iyr),iyr = 1,atmodep_cont%num","atmodep(iadep)%nh4_dryyr(iyr),iyr = 1,atmodep_cont%num",delimited,1,1,cli_read_atmodep,"atmodep(iadep)%nh4_dryyr(iyr),iyr = 1,atmodep_cont%num",num parameter for cli read atmodep,no,coefficient,integer,1,9999,1,yes
315,GENERAL,cliatmodep.dat,cliatmodep,"atmodep(iadep)%no3_dryyr(iyr),iyr = 1,atmodep_cont%num","atmodep(iadep)%no3_dryyr(iyr),iyr = 1,atmodep_cont%num",delimited,1,1,cli_read_atmodep,"atmodep(iadep)%no3_dryyr(iyr),iyr = 1,atmodep_cont%num",num parameter for cli read atmodep,no,coefficient,integer,1,9999,1,yes
316,GENERAL,hmethruaqu.dat,hmethruaqu,hmet_soil_ini(ihmeti)%name,hmet_soil_ini(ihmeti)%name,delimited,1,1,hmet_hru_aqu_read,hmet_soil_ini(ihmeti)%name,Name or label for hmet hru aqu read,no,none,string,0,999,default,yes
317,GENERAL,hmethruaqu.dat,hmethruaqu,titldum,titldum,delimited,1,1,hmet_hru_aqu_read,titldum,titldum parameter for hmet hru aqu read,no,none,real,0,999,0,yes
318,GENERAL,hmethruaqu.dat,hmethruaqu,hmet_soil_ini(ihmeti)%soil(ihmet),hmet_soil_ini(ihmeti)%soil(ihmet),delimited,1,1,hmet_hru_aqu_read,hmet_soil_ini(ihmeti)%soil(ihmet),soil(ihmet) parameter for hmet hru aqu read,no,none,real,0,999,0,yes
319,GENERAL,hmethruaqu.dat,hmethruaqu,hmet_soil_ini(ihmeti)%plt(ihmet),hmet_soil_ini(ihmeti)%plt(ihmet),delimited,1,1,hmet_hru_aqu_read,hmet_soil_ini(ihmeti)%plt(ihmet),plt(ihmet) parameter for hmet hru aqu read,no,none,real,0,999,0,yes
320,GENERAL,cliwgnread.dat,cliwgnread,wgn_n(iwgn),wgn_n(iwgn),delimited,1,1,cli_wgnread,wgn_n(iwgn),wgn_n(iwgn) parameter for cli wgnread,no,none,real,0,999,0,yes
321,GENERAL,cliwgnread.dat,cliwgnread,wgn(iwgn)%lat,wgn(iwgn)%lat,delimited,1,1,cli_wgnread,wgn(iwgn)%lat,lat parameter for cli wgnread,no,none,real,0,999,0,yes
322,GENERAL,cliwgnread.dat,cliwgnread,wgn(iwgn)%long,wgn(iwgn)%long,delimited,1,1,cli_wgnread,wgn(iwgn)%long,long parameter for cli wgnread,no,none,real,0,999,0,yes
323,GENERAL,cliwgnread.dat,cliwgnread,wgn(iwgn)%elev,wgn(iwgn)%elev,delimited,1,1,cli_wgnread,wgn(iwgn)%elev,elev parameter for cli wgnread,no,none,real,0,999,0,yes
324,GENERAL,cliwgnread.dat,cliwgnread,wgn(iwgn)%rain_yrs,wgn(iwgn)%rain_yrs,delimited,1,1,cli_wgnread,wgn(iwgn)%rain_yrs,Year for cli wgnread,no,none,real,0,999,0,yes
325,GENERAL,cliwgnread.dat,cliwgnread,wgn(iwgn)%tmpmx(mo),wgn(iwgn)%tmpmx(mo),delimited,1,1,cli_wgnread,wgn(iwgn)%tmpmx(mo),Temperature for cli wgnread,no,none,real,0,999,0,yes
326,GENERAL,cliwgnread.dat,cliwgnread,wgn(iwgn)%tmpmn(mo),wgn(iwgn)%tmpmn(mo),delimited,1,1,cli_wgnread,wgn(iwgn)%tmpmn(mo),Temperature for cli wgnread,no,none,real,0,999,0,yes
327,GENERAL,cliwgnread.dat,cliwgnread,wgn(iwgn)%tmpstdmx(mo),wgn(iwgn)%tmpstdmx(mo),delimited,1,1,cli_wgnread,wgn(iwgn)%tmpstdmx(mo),Temperature for cli wgnread,no,none,real,0,999,0,yes
328,GENERAL,cliwgnread.dat,cliwgnread,wgn(iwgn)%tmpstdmn(mo),wgn(iwgn)%tmpstdmn(mo),delimited,1,1,cli_wgnread,wgn(iwgn)%tmpstdmn(mo),Temperature for cli wgnread,no,none,real,0,999,0,yes
329,GENERAL,cliwgnread.dat,cliwgnread,wgn(iwgn)%pcpmm(mo),wgn(iwgn)%pcpmm(mo),delimited,1,1,cli_wgnread,wgn(iwgn)%pcpmm(mo),Precipitation for cli wgnread,no,mm,real,0,999,0,yes
330,GENERAL,cliwgnread.dat,cliwgnread,wgn(iwgn)%pcpstd(mo),wgn(iwgn)%pcpstd(mo),delimited,1,1,cli_wgnread,wgn(iwgn)%pcpstd(mo),Precipitation for cli wgnread,no,mm,real,0,999,0,yes
331,GENERAL,cliwgnread.dat,cliwgnread,wgn(iwgn)%pcpskw(mo),wgn(iwgn)%pcpskw(mo),delimited,1,1,cli_wgnread,wgn(iwgn)%pcpskw(mo),Hydraulic conductivity for cli wgnread,no,mm,real,0,999,0,yes
332,GENERAL,cliwgnread.dat,cliwgnread,wgn(iwgn)%pr_wd(mo),wgn(iwgn)%pr_wd(mo),delimited,1,1,cli_wgnread,wgn(iwgn)%pr_wd(mo),Width in meters for cli wgnread,no,m,real,0,999,0,yes
333,GENERAL,cliwgnread.dat,cliwgnread,wgn(iwgn)%pr_ww(mo),wgn(iwgn)%pr_ww(mo),delimited,1,1,cli_wgnread,wgn(iwgn)%pr_ww(mo),Month for cli wgnread,no,none,real,0,999,0,yes
334,GENERAL,cliwgnread.dat,cliwgnread,wgn(iwgn)%pcpd(mo),wgn(iwgn)%pcpd(mo),delimited,1,1,cli_wgnread,wgn(iwgn)%pcpd(mo),Precipitation for cli wgnread,no,mm,real,0,999,0,yes
335,GENERAL,cliwgnread.dat,cliwgnread,wgn(iwgn)%rainhmx(mo),wgn(iwgn)%rainhmx(mo),delimited,1,1,cli_wgnread,wgn(iwgn)%rainhmx(mo),Month for cli wgnread,no,none,real,0,999,0,yes
336,GENERAL,cliwgnread.dat,cliwgnread,wgn(iwgn)%solarav(mo),wgn(iwgn)%solarav(mo),delimited,1,1,cli_wgnread,wgn(iwgn)%solarav(mo),Solar radiation for cli wgnread,no,none,real,0,999,0,yes
337,GENERAL,cliwgnread.dat,cliwgnread,wgn(iwgn)%dewpt(mo),wgn(iwgn)%dewpt(mo),delimited,1,1,cli_wgnread,wgn(iwgn)%dewpt(mo),Month for cli wgnread,no,none,real,0,999,0,yes
338,GENERAL,cliwgnread.dat,cliwgnread,wgn(iwgn)%windav(mo),wgn(iwgn)%windav(mo),delimited,1,1,cli_wgnread,wgn(iwgn)%windav(mo),Month for cli wgnread,no,none,real,0,999,0,yes
339,GENERAL,waterallocation.dat,waterallocation,wallo(iwro)%name,wallo(iwro)%name,delimited,1,1,water_allocation_read,wallo(iwro)%name,Name or label for water allocation read,no,none,string,0,999,default,yes
340,GENERAL,waterallocation.dat,waterallocation,wallo(iwro)%rule_typ,wallo(iwro)%rule_typ,delimited,1,1,water_allocation_read,wallo(iwro)%rule_typ,rule_typ parameter for water allocation read,no,none,real,0,999,0,yes
341,GENERAL,waterallocation.dat,waterallocation,wallo(iwro)%src_obs,wallo(iwro)%src_obs,delimited,1,1,water_allocation_read,wallo(iwro)%src_obs,src_obs parameter for water allocation read,no,none,real,0,999,0,yes
342,GENERAL,waterallocation.dat,waterallocation,wallo(iwro)%dmd_obs,wallo(iwro)%dmd_obs,delimited,1,1,water_allocation_read,wallo(iwro)%dmd_obs,dmd_obs parameter for water allocation read,no,none,real,0,999,0,yes
343,GENERAL,waterallocation.dat,waterallocation,wallo(iwro)%cha_ob,wallo(iwro)%cha_ob,delimited,1,1,water_allocation_read,wallo(iwro)%cha_ob,cha_ob parameter for water allocation read,no,none,real,0,999,0,yes
344,GENERAL,waterallocation.dat,waterallocation,k,k,delimited,1,1,water_allocation_read,k,Hydraulic conductivity for water allocation read,no,none,real,0,999,0,yes
345,GENERAL,waterallocation.dat,waterallocation,wallo(iwro)%src(i)%ob_typ,wallo(iwro)%src(i)%ob_typ,delimited,1,1,water_allocation_read,wallo(iwro)%src(i)%ob_typ,ob_typ parameter for water allocation read,no,none,real,0,999,0,yes
346,GENERAL,waterallocation.dat,waterallocation,wallo(iwro)%src(i)%div_rec,wallo(iwro)%src(i)%div_rec,delimited,1,1,water_allocation_read,wallo(iwro)%src(i)%div_rec,div_rec parameter for water allocation read,no,none,real,0,999,0,yes
347,GENERAL,waterallocation.dat,waterallocation,wallo(iwro)%src(i)%ob_num,wallo(iwro)%src(i)%ob_num,delimited,1,1,water_allocation_read,wallo(iwro)%src(i)%ob_num,ob_num parameter for water allocation read,no,none,integer,1,9999,1,yes
348,GENERAL,waterallocation.dat,waterallocation,wallo(iwro)%src(i)%limit_mon,wallo(iwro)%src(i)%limit_mon,delimited,1,1,water_allocation_read,wallo(iwro)%src(i)%limit_mon,Month for water allocation read,no,none,real,0,999,0,yes
349,GENERAL,waterallocation.dat,waterallocation,wallo(iwro)%dmd(i)%ob_typ,wallo(iwro)%dmd(i)%ob_typ,delimited,1,1,water_allocation_read,wallo(iwro)%dmd(i)%ob_typ,ob_typ parameter for water allocation read,no,none,real,0,999,0,yes
350,GENERAL,waterallocation.dat,waterallocation,wallo(iwro)%dmd(i)%ob_num,wallo(iwro)%dmd(i)%ob_num,delimited,1,1,water_allocation_read,wallo(iwro)%dmd(i)%ob_num,ob_num parameter for water allocation read,no,none,integer,1,9999,1,yes
351,GENERAL,waterallocation.dat,waterallocation,wallo(iwro)%dmd(i)%withdr,wallo(iwro)%dmd(i)%withdr,delimited,1,1,water_allocation_read,wallo(iwro)%dmd(i)%withdr,withdr parameter for water allocation read,no,none,real,0,999,0,yes
352,GENERAL,waterallocation.dat,waterallocation,wallo(iwro)%dmd(i)%amount,wallo(iwro)%dmd(i)%amount,delimited,1,1,water_allocation_read,wallo(iwro)%dmd(i)%amount,Month for water allocation read,no,none,real,0,999,0,yes
353,GENERAL,waterallocation.dat,waterallocation,wallo(iwro)%dmd(i)%right,wallo(iwro)%dmd(i)%right,delimited,1,1,water_allocation_read,wallo(iwro)%dmd(i)%right,right parameter for water allocation read,no,none,real,0,999,0,yes
354,GENERAL,waterallocation.dat,waterallocation,wallo(iwro)%dmd(i)%treat_typ,wallo(iwro)%dmd(i)%treat_typ,delimited,1,1,water_allocation_read,wallo(iwro)%dmd(i)%treat_typ,treat_typ parameter for water allocation read,no,none,real,0,999,0,yes
355,GENERAL,waterallocation.dat,waterallocation,wallo(iwro)%dmd(i)%treatment,wallo(iwro)%dmd(i)%treatment,delimited,1,1,water_allocation_read,wallo(iwro)%dmd(i)%treatment,treatment parameter for water allocation read,no,none,real,0,999,0,yes
356,GENERAL,waterallocation.dat,waterallocation,wallo(iwro)%dmd(i)%rcv_ob,wallo(iwro)%dmd(i)%rcv_ob,delimited,1,1,water_allocation_read,wallo(iwro)%dmd(i)%rcv_ob,rcv_ob parameter for water allocation read,no,none,real,0,999,0,yes
357,GENERAL,waterallocation.dat,waterallocation,wallo(iwro)%dmd(i)%rcv_num,wallo(iwro)%dmd(i)%rcv_num,delimited,1,1,water_allocation_read,wallo(iwro)%dmd(i)%rcv_num,rcv_num parameter for water allocation read,no,none,integer,1,9999,1,yes
358,GENERAL,waterallocation.dat,waterallocation,wallo(iwro)%dmd(i)%rcv_dtl,wallo(iwro)%dmd(i)%rcv_dtl,delimited,1,1,water_allocation_read,wallo(iwro)%dmd(i)%rcv_dtl,rcv_dtl parameter for water allocation read,no,none,real,0,999,0,yes
359,GENERAL,waterallocation.dat,waterallocation,num_objs,num_objs,delimited,1,1,water_allocation_read,num_objs,num_objs parameter for water allocation read,no,none,integer,1,9999,1,yes
360,GENERAL,waterallocation.dat,waterallocation,wallo(iwro)%dmd(i)%dmd_src_obs,wallo(iwro)%dmd(i)%dmd_src_obs,delimited,1,1,water_allocation_read,wallo(iwro)%dmd(i)%dmd_src_obs,dmd_src_obs parameter for water allocation read,no,none,real,0,999,0,yes
361,GENERAL,waterallocation.dat,waterallocation,"wallo(iwro)%dmd(i)%src(isrc), isrc = 1, num_objs","wallo(iwro)%dmd(i)%src(isrc), isrc = 1, num_objs",delimited,1,1,water_allocation_read,"wallo(iwro)%dmd(i)%src(isrc), isrc = 1, num_objs","src(isrc), isrc = 1, num_objs parameter for water allocation read",no,none,integer,1,9999,1,yes
362,GENERAL,salturban.dat,salturban,urb_type,urb_type,delimited,1,1,salt_urban_read,urb_type,urb_type parameter for salt urban read,no,none,real,0,999,0,yes
363,GENERAL,salturban.dat,salturban,"salt_urban_conc(iu,isalt),isalt=1,cs_db%num_salts","salt_urban_conc(iu,isalt),isalt=1,cs_db%num_salts",delimited,1,1,salt_urban_read,"salt_urban_conc(iu,isalt),isalt=1,cs_db%num_salts",num_salts parameter for salt urban read,no,coefficient,integer,1,9999,1,yes
364,GENERAL,snowdb.dat,snowdb,snodb(isno),snodb(isno),delimited,1,1,snowdb_read,snodb(isno),snodb(isno) parameter for snowdb read,no,none,real,0,999,0,yes
365,GENERAL,ru.dat,ru,k,k,delimited,1,1,ru_read,k,Hydraulic conductivity for ru read,no,none,real,0,999,0,yes
366,GENERAL,ru.dat,ru,ru(i)%name,ru(i)%name,delimited,1,1,ru_read,ru(i)%name,Name or label for ru read,no,none,string,0,999,default,yes
367,GENERAL,ru.dat,ru,ru(i)%dbsc,ru(i)%dbsc,delimited,1,1,ru_read,ru(i)%dbsc,dbsc parameter for ru read,no,none,real,0,999,0,yes
368,GENERAL,exco.dat,exco,namedum,namedum,delimited,1,1,exco_read,namedum,Name or label for exco read,no,none,string,0,999,default,yes
369,GENERAL,exco.dat,exco,exco(ii),exco(ii),delimited,1,1,exco_read,exco(ii),Coefficient for exco read,no,coefficient,real,0,999,0,yes
370,GENERAL,chinit.dat,chinit,ch_init(ich),ch_init(ich),delimited,1,1,ch_read_init,ch_init(ich),Initial value for ch read init,no,none,real,0,999,0,yes
371,GENERAL,cliatmodepcs.dat,cliatmodepcs,atmodep_cs(iadep)%cs(ics)%rf,atmodep_cs(iadep)%cs(ics)%rf,delimited,1,1,cli_read_atmodep_cs,atmodep_cs(iadep)%cs(ics)%rf,rf parameter for cli read atmodep cs,no,none,real,0,999,0,yes
372,GENERAL,cliatmodepcs.dat,cliatmodepcs,atmodep_cs(iadep)%cs(ics)%dry,atmodep_cs(iadep)%cs(ics)%dry,delimited,1,1,cli_read_atmodep_cs,atmodep_cs(iadep)%cs(ics)%dry,dry parameter for cli read atmodep cs,no,none,real,0,999,0,yes
373,GENERAL,cliatmodepcs.dat,cliatmodepcs,"atmodep_cs(iadep)%cs(ics)%rfmo(imo),imo=1,atmodep_cont%num","atmodep_cs(iadep)%cs(ics)%rfmo(imo),imo=1,atmodep_cont%num",delimited,1,1,cli_read_atmodep_cs,"atmodep_cs(iadep)%cs(ics)%rfmo(imo),imo=1,atmodep_cont%num",num parameter for cli read atmodep cs,no,coefficient,integer,1,9999,1,yes
374,GENERAL,cliatmodepcs.dat,cliatmodepcs,"atmodep_cs(iadep)%cs(ics)%drymo(imo),imo=1,atmodep_cont%num","atmodep_cs(iadep)%cs(ics)%drymo(imo),imo=1,atmodep_cont%num",delimited,1,1,cli_read_atmodep_cs,"atmodep_cs(iadep)%cs(ics)%drymo(imo),imo=1,atmodep_cont%num",num parameter for cli read atmodep cs,no,coefficient,integer,1,9999,1,yes
375,GENERAL,cliatmodepcs.dat,cliatmodepcs,"atmodep_cs(iadep)%cs(ics)%rfyr(iyr),iyr=1,atmodep_cont%num","atmodep_cs(iadep)%cs(ics)%rfyr(iyr),iyr=1,atmodep_cont%num",delimited,1,1,cli_read_atmodep_cs,"atmodep_cs(iadep)%cs(ics)%rfyr(iyr),iyr=1,atmodep_cont%num",num parameter for cli read atmodep cs,no,coefficient,integer,1,9999,1,yes
376,GENERAL,cliatmodepcs.dat,cliatmodepcs,"atmodep_cs(iadep)%cs(ics)%dryyr(iyr),iyr=1,atmodep_cont%num","atmodep_cs(iadep)%cs(ics)%dryyr(iyr),iyr=1,atmodep_cont%num",delimited,1,1,cli_read_atmodep_cs,"atmodep_cs(iadep)%cs(ics)%dryyr(iyr),iyr=1,atmodep_cont%num",num parameter for cli read atmodep cs,no,coefficient,integer,1,9999,1,yes
377,GENERAL,drpath.dat,drpath,dr_path_name(ii),dr_path_name(ii),delimited,1,1,dr_path_read,dr_path_name(ii),Name or label for dr path read,no,none,string,0,999,default,yes
378,GENERAL,drpath.dat,drpath,"dr_path(ii)%path(ipath), ipath = 1, cs_db%num_paths","dr_path(ii)%path(ipath), ipath = 1, cs_db%num_paths",delimited,1,1,dr_path_read,"dr_path(ii)%path(ipath), ipath = 1, cs_db%num_paths",num_paths parameter for dr path read,no,none,integer,1,9999,1,yes
379,GENERAL,ruelements.dat,ruelements,k,k,delimited,1,1,ru_read_elements,k,Hydraulic conductivity for ru read elements,no,none,real,0,999,0,yes
380,GENERAL,ruelements.dat,ruelements,ru_elem(i)%name,ru_elem(i)%name,delimited,1,1,ru_read_elements,ru_elem(i)%name,Name or label for ru read elements,no,none,string,0,999,default,yes
381,GENERAL,ruelements.dat,ruelements,ru_elem(i)%obtyp,ru_elem(i)%obtyp,delimited,1,1,ru_read_elements,ru_elem(i)%obtyp,obtyp parameter for ru read elements,no,none,real,0,999,0,yes
382,GENERAL,ruelements.dat,ruelements,ru_elem(i)%obtypno,ru_elem(i)%obtypno,delimited,1,1,ru_read_elements,ru_elem(i)%obtypno,obtypno parameter for ru read elements,no,none,real,0,999,0,yes
383,GENERAL,ruelements.dat,ruelements,ru_elem(i)%frac,ru_elem(i)%frac,delimited,1,1,ru_read_elements,ru_elem(i)%frac,Fraction or ratio for ru read elements,no,fraction,real,0,1,0.5,yes
384,GENERAL,ruelements.dat,ruelements,ru_elem(i)%dr_name,ru_elem(i)%dr_name,delimited,1,1,ru_read_elements,ru_elem(i)%dr_name,Name or label for ru read elements,no,none,string,0,999,default,yes
385,GENERAL,ruelements.dat,ruelements,numb,numb,delimited,1,1,ru_read_elements,numb,numb parameter for ru read elements,no,none,integer,1,9999,1,yes
386,GENERAL,ruelements.dat,ruelements,namedum,namedum,delimited,1,1,ru_read_elements,namedum,Name or label for ru read elements,no,none,string,0,999,default,yes
387,GENERAL,ruelements.dat,ruelements,nspu,nspu,delimited,1,1,ru_read_elements,nspu,nspu parameter for ru read elements,no,none,real,0,999,0,yes
388,GENERAL,ruelements.dat,ruelements,ru_def(iru)%name,ru_def(iru)%name,delimited,1,1,ru_read_elements,ru_def(iru)%name,Name or label for ru read elements,no,none,string,0,999,default,yes
389,GENERAL,ruelements.dat,ruelements,"elem_cnt(isp), isp = 1, nspu","elem_cnt(isp), isp = 1, nspu",delimited,1,1,ru_read_elements,"elem_cnt(isp), isp = 1, nspu","elem_cnt(isp), isp = 1, nspu parameter for ru read elements",no,none,integer,1,9999,1,yes
390,GENERAL,lsuelements.dat,lsuelements,k,k,delimited,1,1,lsu_read_elements,k,Hydraulic conductivity for lsu read elements,no,none,real,0,999,0,yes
391,GENERAL,lsuelements.dat,lsuelements,lsu_out(i)%name,lsu_out(i)%name,delimited,1,1,lsu_read_elements,lsu_out(i)%name,Name or label for lsu read elements,no,none,string,0,999,default,yes
392,GENERAL,lsuelements.dat,lsuelements,lsu_out(i)%area_ha,lsu_out(i)%area_ha,delimited,1,1,lsu_read_elements,lsu_out(i)%area_ha,Area in hectares for lsu read elements,no,ha,real,0,100000,0,yes
393,GENERAL,lsuelements.dat,lsuelements,nspu,nspu,delimited,1,1,lsu_read_elements,nspu,nspu parameter for lsu read elements,no,none,real,0,999,0,yes
394,GENERAL,lsuelements.dat,lsuelements,"elem_cnt(isp), isp = 1, nspu","elem_cnt(isp), isp = 1, nspu",delimited,1,1,lsu_read_elements,"elem_cnt(isp), isp = 1, nspu","elem_cnt(isp), isp = 1, nspu parameter for lsu read elements",no,none,integer,1,9999,1,yes
395,GENERAL,lsuelements.dat,lsuelements,lsu_elem(i)%name,lsu_elem(i)%name,delimited,1,1,lsu_read_elements,lsu_elem(i)%name,Name or label for lsu read elements,no,none,string,0,999,default,yes
396,GENERAL,lsuelements.dat,lsuelements,lsu_elem(i)%obtyp,lsu_elem(i)%obtyp,delimited,1,1,lsu_read_elements,lsu_elem(i)%obtyp,obtyp parameter for lsu read elements,no,none,real,0,999,0,yes
397,GENERAL,lsuelements.dat,lsuelements,lsu_elem(i)%obtypno,lsu_elem(i)%obtypno,delimited,1,1,lsu_read_elements,lsu_elem(i)%obtypno,obtypno parameter for lsu read elements,no,none,real,0,999,0,yes
398,GENERAL,lsuelements.dat,lsuelements,lsu_elem(i)%bsn_frac,lsu_elem(i)%bsn_frac,delimited,1,1,lsu_read_elements,lsu_elem(i)%bsn_frac,Fraction or ratio for lsu read elements,no,fraction,real,0,1,0.5,yes
399,GENERAL,lsuelements.dat,lsuelements,lsu_elem(i)%ru_frac,lsu_elem(i)%ru_frac,delimited,1,1,lsu_read_elements,lsu_elem(i)%ru_frac,Fraction or ratio for lsu read elements,no,fraction,real,0,1,0.5,yes
400,GENERAL,sdr.dat,sdr,sdr(isdr),sdr(isdr),delimited,1,1,sdr_read,sdr(isdr),sdr(isdr) parameter for sdr read,no,none,real,0,999,0,yes
401,GENERAL,rtenut.dat,rtenut,rte_nut(ich),rte_nut(ich),delimited,1,1,rte_read_nut,rte_nut(ich),rte_nut(ich) parameter for rte read nut,no,none,real,0,999,0,yes
402,GENERAL,sdhydsed.dat,sdhydsed,sd_chd(idb),sd_chd(idb),delimited,1,1,sd_hydsed_read,sd_chd(idb),Unique identifier for sd hydsed read,no,none,integer,1,9999,1,yes
403,GENERAL,sdhydsed.dat,sdhydsed,sd_chd1(idb),sd_chd1(idb),delimited,1,1,sd_hydsed_read,sd_chd1(idb),Unique identifier for sd hydsed read,no,none,integer,1,9999,1,yes
404,GENERAL,excoom.dat,excoom,exco_om_name(ii),exco_om_name(ii),delimited,1,1,exco_read_om,exco_om_name(ii),Name or label for exco read om,no,coefficient,string,0,999,default,yes
405,GENERAL,excoom.dat,excoom,exco(ii),exco(ii),delimited,1,1,exco_read_om,exco(ii),Coefficient for exco read om,no,coefficient,real,0,999,0,yes
406,GENERAL,excohmet.dat,excohmet,exco_hmet_name(ii),exco_hmet_name(ii),delimited,1,1,exco_read_hmet,exco_hmet_name(ii),Name or label for exco read hmet,no,coefficient,string,0,999,default,yes
407,GENERAL,excohmet.dat,excohmet,"exco_hmet(ii)%hmet(ihmet), ihmet = 1, cs_db%num_metals","exco_hmet(ii)%hmet(ihmet), ihmet = 1, cs_db%num_metals",delimited,1,1,exco_read_hmet,"exco_hmet(ii)%hmet(ihmet), ihmet = 1, cs_db%num_metals",num_metals parameter for exco read hmet,no,coefficient,integer,1,9999,1,yes
408,GENERAL,reshyd.dat,reshyd,res_hyddb(ires),res_hyddb(ires),delimited,1,1,res_read_hyd,res_hyddb(ires),res_hyddb(ires) parameter for res read hyd,no,none,real,0,999,0,yes
409,GENERAL,plregionscal.dat,plregionscal,plcal(i)%name,plcal(i)%name,delimited,1,1,pl_read_regions_cal,plcal(i)%name,Name or label for pl read regions cal,no,none,string,0,999,default,yes
410,GENERAL,plregionscal.dat,plregionscal,plcal(i)%lum_num,plcal(i)%lum_num,delimited,1,1,pl_read_regions_cal,plcal(i)%lum_num,lum_num parameter for pl read regions cal,no,none,integer,1,9999,1,yes
411,GENERAL,plregionscal.dat,plregionscal,nspu,nspu,delimited,1,1,pl_read_regions_cal,nspu,nspu parameter for pl read regions cal,no,none,real,0,999,0,yes
412,GENERAL,plregionscal.dat,plregionscal,"elem_cnt(isp), isp = 1, nspu","elem_cnt(isp), isp = 1, nspu",delimited,1,1,pl_read_regions_cal,"elem_cnt(isp), isp = 1, nspu","elem_cnt(isp), isp = 1, nspu parameter for pl read regions cal",no,none,integer,1,9999,1,yes
413,GENERAL,plregionscal.dat,plregionscal,plcal(i)%lum(ilum)%meas,plcal(i)%lum(ilum)%meas,delimited,1,1,pl_read_regions_cal,plcal(i)%lum(ilum)%meas,meas parameter for pl read regions cal,no,none,real,0,999,0,yes
414,GENERAL,calparmchg.dat,calparmchg,cal_upd(i)%name,cal_upd(i)%name,delimited,1,1,cal_parmchg_read,cal_upd(i)%name,Name or label for cal parmchg read,no,none,string,0,999,default,yes
415,GENERAL,calparmchg.dat,calparmchg,cal_upd(i)%chg_typ,cal_upd(i)%chg_typ,delimited,1,1,cal_parmchg_read,cal_upd(i)%chg_typ,chg_typ parameter for cal parmchg read,no,none,real,0,999,0,yes
416,GENERAL,calparmchg.dat,calparmchg,cal_upd(i)%val,cal_upd(i)%val,delimited,1,1,cal_parmchg_read,cal_upd(i)%val,val parameter for cal parmchg read,no,none,real,0,999,0,yes
417,GENERAL,calparmchg.dat,calparmchg,cal_upd(i)%conds,cal_upd(i)%conds,delimited,1,1,cal_parmchg_read,cal_upd(i)%conds,Coefficient for cal parmchg read,no,coefficient,real,0,999,0,yes
418,GENERAL,calparmchg.dat,calparmchg,cal_upd(i)%lyr1,cal_upd(i)%lyr1,delimited,1,1,cal_parmchg_read,cal_upd(i)%lyr1,Year for cal parmchg read,no,none,real,0,999,0,yes
419,GENERAL,calparmchg.dat,calparmchg,cal_upd(i)%lyr2,cal_upd(i)%lyr2,delimited,1,1,cal_parmchg_read,cal_upd(i)%lyr2,Year for cal parmchg read,no,none,real,0,999,0,yes
420,GENERAL,calparmchg.dat,calparmchg,cal_upd(i)%year1,cal_upd(i)%year1,delimited,1,1,cal_parmchg_read,cal_upd(i)%year1,year1 parameter for cal parmchg read,no,none,real,0,999,0,yes
421,GENERAL,calparmchg.dat,calparmchg,cal_upd(i)%year2,cal_upd(i)%year2,delimited,1,1,cal_parmchg_read,cal_upd(i)%year2,year2 parameter for cal parmchg read,no,none,real,0,999,0,yes
422,GENERAL,calparmchg.dat,calparmchg,cal_upd(i)%day1,cal_upd(i)%day1,delimited,1,1,cal_parmchg_read,cal_upd(i)%day1,Day for cal parmchg read,no,none,real,0,999,0,yes
423,GENERAL,calparmchg.dat,calparmchg,cal_upd(i)%day2,cal_upd(i)%day2,delimited,1,1,cal_parmchg_read,cal_upd(i)%day2,Day for cal parmchg read,no,none,real,0,999,0,yes
424,GENERAL,calparmchg.dat,calparmchg,nspu,nspu,delimited,1,1,cal_parmchg_read,nspu,nspu parameter for cal parmchg read,no,none,real,0,999,0,yes
425,GENERAL,calparmchg.dat,calparmchg,cal_upd(i)%num_tot,cal_upd(i)%num_tot,delimited,1,1,cal_parmchg_read,cal_upd(i)%num_tot,num_tot parameter for cal parmchg read,no,none,integer,1,9999,1,yes
426,GENERAL,calparmchg.dat,calparmchg,"elem_cnt(isp), isp = 1, nspu","elem_cnt(isp), isp = 1, nspu",delimited,1,1,cal_parmchg_read,"elem_cnt(isp), isp = 1, nspu","elem_cnt(isp), isp = 1, nspu parameter for cal parmchg read",no,none,integer,1,9999,1,yes
427,GENERAL,calparmchg.dat,calparmchg,range,range,delimited,1,1,cal_parmchg_read,range,range parameter for cal parmchg read,no,none,real,0,999,0,yes
428,GENERAL,calparmchg.dat,calparmchg,cal_upd(i)%cond(icond)%var,cal_upd(i)%cond(icond)%var,delimited,1,1,cal_parmchg_read,cal_upd(i)%cond(icond)%var,var parameter for cal parmchg read,no,coefficient,real,0,999,0,yes
429,GENERAL,calparmchg.dat,calparmchg,cal_upd(i)%val1,cal_upd(i)%val1,delimited,1,1,cal_parmchg_read,cal_upd(i)%val1,val1 parameter for cal parmchg read,no,none,real,0,999,0,yes
430,GENERAL,calparmchg.dat,calparmchg,cal_upd(i)%val2,cal_upd(i)%val2,delimited,1,1,cal_parmchg_read,cal_upd(i)%val2,val2 parameter for cal parmchg read,no,none,real,0,999,0,yes
431,GENERAL,calparmchg.dat,calparmchg,cal_upd(i)%cond(icond),cal_upd(i)%cond(icond),delimited,1,1,cal_parmchg_read,cal_upd(i)%cond(icond),Coefficient for cal parmchg read,no,coefficient,real,0,999,0,yes
432,GENERAL,drhmet.dat,drhmet,dr_hmet_name(ii),dr_hmet_name(ii),delimited,1,1,dr_read_hmet,dr_hmet_name(ii),Name or label for dr read hmet,no,none,string,0,999,default,yes
433,GENERAL,drhmet.dat,drhmet,"dr_hmet(ii)%hmet(ihmet), ihmet = 1, cs_db%num_metals","dr_hmet(ii)%hmet(ihmet), ihmet = 1, cs_db%num_metals",delimited,1,1,dr_read_hmet,"dr_hmet(ii)%hmet(ihmet), ihmet = 1, cs_db%num_metals",num_metals parameter for dr read hmet,no,none,integer,1,9999,1,yes
434,GENERAL,cliatmodepsalt.dat,cliatmodepsalt,salt_ion,salt_ion,delimited,1,1,cli_read_atmodep_salt,salt_ion,salt_ion parameter for cli read atmodep salt,no,none,real,0,999,0,yes
435,GENERAL,cliatmodepsalt.dat,cliatmodepsalt,atmodep_salt(iadep)%salt(isalt)%rf,atmodep_salt(iadep)%salt(isalt)%rf,delimited,1,1,cli_read_atmodep_salt,atmodep_salt(iadep)%salt(isalt)%rf,rf parameter for cli read atmodep salt,no,none,real,0,999,0,yes
436,GENERAL,cliatmodepsalt.dat,cliatmodepsalt,atmodep_salt(iadep)%salt(isalt)%dry,atmodep_salt(iadep)%salt(isalt)%dry,delimited,1,1,cli_read_atmodep_salt,atmodep_salt(iadep)%salt(isalt)%dry,dry parameter for cli read atmodep salt,no,none,real,0,999,0,yes
437,GENERAL,cliatmodepsalt.dat,cliatmodepsalt,"atmodep_salt(iadep)%salt(isalt)%rfmo(imo),imo=1,atmodep_cont%num","atmodep_salt(iadep)%salt(isalt)%rfmo(imo),imo=1,atmodep_cont%num",delimited,1,1,cli_read_atmodep_salt,"atmodep_salt(iadep)%salt(isalt)%rfmo(imo),imo=1,atmodep_cont%num",num parameter for cli read atmodep salt,no,coefficient,integer,1,9999,1,yes
438,GENERAL,cliatmodepsalt.dat,cliatmodepsalt,"atmodep_salt(iadep)%salt(isalt)%drymo(imo),imo=1,atmodep_cont%num","atmodep_salt(iadep)%salt(isalt)%drymo(imo),imo=1,atmodep_cont%num",delimited,1,1,cli_read_atmodep_salt,"atmodep_salt(iadep)%salt(isalt)%drymo(imo),imo=1,atmodep_cont%num",num parameter for cli read atmodep salt,no,coefficient,integer,1,9999,1,yes
439,GENERAL,cliatmodepsalt.dat,cliatmodepsalt,"atmodep_salt(iadep)%salt(isalt)%rfyr(iyr),iyr=1,atmodep_cont%num","atmodep_salt(iadep)%salt(isalt)%rfyr(iyr),iyr=1,atmodep_cont%num",delimited,1,1,cli_read_atmodep_salt,"atmodep_salt(iadep)%salt(isalt)%rfyr(iyr),iyr=1,atmodep_cont%num",num parameter for cli read atmodep salt,no,coefficient,integer,1,9999,1,yes
440,GENERAL,cliatmodepsalt.dat,cliatmodepsalt,"atmodep_salt(iadep)%salt(isalt)%dryyr(iyr),iyr=1,atmodep_cont%num","atmodep_salt(iadep)%salt(isalt)%dryyr(iyr),iyr=1,atmodep_cont%num",delimited,1,1,cli_read_atmodep_salt,"atmodep_salt(iadep)%salt(isalt)%dryyr(iyr),iyr=1,atmodep_cont%num",num parameter for cli read atmodep salt,no,coefficient,integer,1,9999,1,yes
441,GENERAL,sep.dat,sep,sep(isep),sep(isep),delimited,1,1,sep_read,sep(isep),sep(isep) parameter for sep read,no,none,real,0,999,0,yes
442,GENERAL,carboncoef.dat,carboncoef,var_name,var_name,delimited,1,1,carbon_coef_read,var_name,Name or label for carbon coef read,no,none,string,0,999,default,yes
443,GENERAL,carboncoef.dat,carboncoef,carbdb(1)%hp_rate,carbdb(1)%hp_rate,delimited,1,1,carbon_coef_read,carbdb(1)%hp_rate,Rate parameter for carbon coef read,no,m/s,real,0,999,0,yes
444,GENERAL,carboncoef.dat,carboncoef,carbdb(2)%hp_rate,carbdb(2)%hp_rate,delimited,1,1,carbon_coef_read,carbdb(2)%hp_rate,Rate parameter for carbon coef read,no,m/s,real,0,999,0,yes
445,GENERAL,carboncoef.dat,carboncoef,carbdb(1)%hs_rate,carbdb(1)%hs_rate,delimited,1,1,carbon_coef_read,carbdb(1)%hs_rate,Rate parameter for carbon coef read,no,m/s,real,0,999,0,yes
446,GENERAL,carboncoef.dat,carboncoef,carbdb(2)%hs_rate,carbdb(2)%hs_rate,delimited,1,1,carbon_coef_read,carbdb(2)%hs_rate,Rate parameter for carbon coef read,no,m/s,real,0,999,0,yes
447,GENERAL,carboncoef.dat,carboncoef,carbdb(1)%microb_rate,carbdb(1)%microb_rate,delimited,1,1,carbon_coef_read,carbdb(1)%microb_rate,Rate parameter for carbon coef read,no,m/s,real,0,999,0,yes
448,GENERAL,carboncoef.dat,carboncoef,carbdb(2)%microb_rate,carbdb(2)%microb_rate,delimited,1,1,carbon_coef_read,carbdb(2)%microb_rate,Rate parameter for carbon coef read,no,m/s,real,0,999,0,yes
449,GENERAL,carboncoef.dat,carboncoef,carbdb(1)%meta_rate,carbdb(1)%meta_rate,delimited,1,1,carbon_coef_read,carbdb(1)%meta_rate,Rate parameter for carbon coef read,no,m/s,real,0,999,0,yes
450,GENERAL,carboncoef.dat,carboncoef,carbdb(2)%meta_rate,carbdb(2)%meta_rate,delimited,1,1,carbon_coef_read,carbdb(2)%meta_rate,Rate parameter for carbon coef read,no,m/s,real,0,999,0,yes
451,GENERAL,carboncoef.dat,carboncoef,carbdb(1)%str_rate,carbdb(1)%str_rate,delimited,1,1,carbon_coef_read,carbdb(1)%str_rate,Rate parameter for carbon coef read,no,m/s,real,0,999,0,yes
452,GENERAL,carboncoef.dat,carboncoef,carbdb(2)%str_rate,carbdb(2)%str_rate,delimited,1,1,carbon_coef_read,carbdb(2)%str_rate,Rate parameter for carbon coef read,no,m/s,real,0,999,0,yes
453,GENERAL,carboncoef.dat,carboncoef,carbdb(1)%microb_top_rate,carbdb(1)%microb_top_rate,delimited,1,1,carbon_coef_read,carbdb(1)%microb_top_rate,Rate parameter for carbon coef read,no,m/s,real,0,999,0,yes
454,GENERAL,carboncoef.dat,carboncoef,carbdb(2)%microb_top_rate,carbdb(2)%microb_top_rate,delimited,1,1,carbon_coef_read,carbdb(2)%microb_top_rate,Rate parameter for carbon coef read,no,m/s,real,0,999,0,yes
455,GENERAL,carboncoef.dat,carboncoef,carbdb(1)%hs_hp,carbdb(1)%hs_hp,delimited,1,1,carbon_coef_read,carbdb(1)%hs_hp,hs_hp parameter for carbon coef read,no,none,real,0,999,0,yes
456,GENERAL,carboncoef.dat,carboncoef,carbdb(2)%hs_hp,carbdb(2)%hs_hp,delimited,1,1,carbon_coef_read,carbdb(2)%hs_hp,hs_hp parameter for carbon coef read,no,none,real,0,999,0,yes
457,GENERAL,carboncoef.dat,carboncoef,org_allo(1)%a1co2,org_allo(1)%a1co2,delimited,1,1,carbon_coef_read,org_allo(1)%a1co2,Coefficient for carbon coef read,no,coefficient,real,0,999,0,yes
458,GENERAL,carboncoef.dat,carboncoef,org_allo(2)%a1co2,org_allo(2)%a1co2,delimited,1,1,carbon_coef_read,org_allo(2)%a1co2,Coefficient for carbon coef read,no,coefficient,real,0,999,0,yes
459,GENERAL,carboncoef.dat,carboncoef,org_allo(1)%asco2,org_allo(1)%asco2,delimited,1,1,carbon_coef_read,org_allo(1)%asco2,Coefficient for carbon coef read,no,coefficient,real,0,999,0,yes
460,GENERAL,carboncoef.dat,carboncoef,org_allo(2)%asco2,org_allo(2)%asco2,delimited,1,1,carbon_coef_read,org_allo(2)%asco2,Coefficient for carbon coef read,no,coefficient,real,0,999,0,yes
461,GENERAL,carboncoef.dat,carboncoef,org_allo(1)%apco2,org_allo(1)%apco2,delimited,1,1,carbon_coef_read,org_allo(1)%apco2,Coefficient for carbon coef read,no,coefficient,real,0,999,0,yes
462,GENERAL,carboncoef.dat,carboncoef,org_allo(2)%apco2,org_allo(2)%apco2,delimited,1,1,carbon_coef_read,org_allo(2)%apco2,Coefficient for carbon coef read,no,coefficient,real,0,999,0,yes
463,GENERAL,carboncoef.dat,carboncoef,org_allo(1)%abco2,org_allo(1)%abco2,delimited,1,1,carbon_coef_read,org_allo(1)%abco2,Coefficient for carbon coef read,no,coefficient,real,0,999,0,yes
464,GENERAL,carboncoef.dat,carboncoef,org_allo(2)%abco2,org_allo(2)%abco2,delimited,1,1,carbon_coef_read,org_allo(2)%abco2,Coefficient for carbon coef read,no,coefficient,real,0,999,0,yes
465,GENERAL,carboncoef.dat,carboncoef,cb_wtr_coef%prmt_21,cb_wtr_coef%prmt_21,delimited,1,1,carbon_coef_read,cb_wtr_coef%prmt_21,prmt_21 parameter for carbon coef read,no,coefficient,real,0,999,0,yes
466,GENERAL,carboncoef.dat,carboncoef,cb_wtr_coef%prmt_44,cb_wtr_coef%prmt_44,delimited,1,1,carbon_coef_read,cb_wtr_coef%prmt_44,prmt_44 parameter for carbon coef read,no,coefficient,real,0,999,0,yes
467,GENERAL,carboncoef.dat,carboncoef,till_eff_days,till_eff_days,delimited,1,1,carbon_coef_read,till_eff_days,Day for carbon coef read,no,none,real,0,999,0,yes
468,GENERAL,carboncoef.dat,carboncoef,man_coef%rtof,man_coef%rtof,delimited,1,1,carbon_coef_read,man_coef%rtof,rtof parameter for carbon coef read,no,coefficient,real,0,999,0,yes
469,GENERAL,carboncoef.dat,carboncoef,man_coef%man_to_c,man_coef%man_to_c,delimited,1,1,carbon_coef_read,man_coef%man_to_c,man_to_c parameter for carbon coef read,no,coefficient,real,0,999,0,yes
470,GENERAL,carboncoef.dat,carboncoef,nmbr_cbn_tests,nmbr_cbn_tests,delimited,1,1,carbon_coef_read,nmbr_cbn_tests,nmbr_cbn_tests parameter for carbon coef read,no,none,real,0,999,0,yes
471,GENERAL,carboncoef.dat,carboncoef,sol_cbn_test(cbn_test_cntr)%snam,sol_cbn_test(cbn_test_cntr)%snam,delimited,1,1,carbon_coef_read,sol_cbn_test(cbn_test_cntr)%snam,snam parameter for carbon coef read,no,none,integer,1,9999,1,yes
472,GENERAL,carboncoef.dat,carboncoef,sol_cbn_test(cbn_test_cntr)%d,sol_cbn_test(cbn_test_cntr)%d,delimited,1,1,carbon_coef_read,sol_cbn_test(cbn_test_cntr)%d,d parameter for carbon coef read,no,none,integer,1,9999,1,yes
473,GENERAL,carboncoef.dat,carboncoef,sol_cbn_test(cbn_test_cntr)%cbn,sol_cbn_test(cbn_test_cntr)%cbn,delimited,1,1,carbon_coef_read,sol_cbn_test(cbn_test_cntr)%cbn,cbn parameter for carbon coef read,no,none,integer,1,9999,1,yes
474,GENERAL,dtbllum.dat,dtbllum,dtbl_lum(i)%name,dtbl_lum(i)%name,delimited,1,1,dtbl_lum_read,dtbl_lum(i)%name,Name or label for dtbl lum read,no,none,string,0,999,default,yes
475,GENERAL,dtbllum.dat,dtbllum,dtbl_lum(i)%conds,dtbl_lum(i)%conds,delimited,1,1,dtbl_lum_read,dtbl_lum(i)%conds,Coefficient for dtbl lum read,no,coefficient,real,0,999,0,yes
476,GENERAL,dtbllum.dat,dtbllum,dtbl_lum(i)%alts,dtbl_lum(i)%alts,delimited,1,1,dtbl_lum_read,dtbl_lum(i)%alts,alts parameter for dtbl lum read,no,none,real,0,999,0,yes
477,GENERAL,dtbllum.dat,dtbllum,dtbl_lum(i)%acts,dtbl_lum(i)%acts,delimited,1,1,dtbl_lum_read,dtbl_lum(i)%acts,acts parameter for dtbl lum read,no,none,real,0,999,0,yes
478,GENERAL,dtbllum.dat,dtbllum,dtbl_lum(i)%cond(ic),dtbl_lum(i)%cond(ic),delimited,1,1,dtbl_lum_read,dtbl_lum(i)%cond(ic),Coefficient for dtbl lum read,no,coefficient,real,0,999,0,yes
479,GENERAL,dtbllum.dat,dtbllum,"dtbl_lum(i)%alt(ic,ial), ial = 1, dtbl_lum(i)%alts","dtbl_lum(i)%alt(ic,ial), ial = 1, dtbl_lum(i)%alts",delimited,1,1,dtbl_lum_read,"dtbl_lum(i)%alt(ic,ial), ial = 1, dtbl_lum(i)%alts",alts parameter for dtbl lum read,no,none,real,0,999,0,yes
480,GENERAL,dtbllum.dat,dtbllum,dtbl_lum(i)%cond(ic)%var,dtbl_lum(i)%cond(ic)%var,delimited,1,1,dtbl_lum_read,dtbl_lum(i)%cond(ic)%var,var parameter for dtbl lum read,no,coefficient,real,0,999,0,yes
481,GENERAL,dtbllum.dat,dtbllum,dtbl_lum(i)%frac_app,dtbl_lum(i)%frac_app,delimited,1,1,dtbl_lum_read,dtbl_lum(i)%frac_app,Fraction or ratio for dtbl lum read,no,fraction,real,0,1,0.5,yes
482,GENERAL,dtbllum.dat,dtbllum,dtbl_lum(i)%act(iac),dtbl_lum(i)%act(iac),delimited,1,1,dtbl_lum_read,dtbl_lum(i)%act(iac),act(iac) parameter for dtbl lum read,no,none,real,0,999,0,yes
483,GENERAL,dtbllum.dat,dtbllum,"dtbl_lum(i)%act_outcomes(iac,ial), ial = 1, dtbl_lum(i)%alts","dtbl_lum(i)%act_outcomes(iac,ial), ial = 1, dtbl_lum(i)%alts",delimited,1,1,dtbl_lum_read,"dtbl_lum(i)%act_outcomes(iac,ial), ial = 1, dtbl_lum(i)%alts",alts parameter for dtbl lum read,no,coefficient,real,0,999,0,yes
484,GENERAL,co2.dat,co2,co2_inc%yrs,co2_inc%yrs,delimited,1,1,co2_read,co2_inc%yrs,Year for co2 read,no,coefficient,real,0,999,0,yes
485,GENERAL,co2.dat,co2,co2_inc%co2_yr(itot),co2_inc%co2_yr(itot),delimited,1,1,co2_read,co2_inc%co2_yr(itot),Coefficient for co2 read,no,coefficient,real,0,999,0,yes
486,GENERAL,aquinit.dat,aquinit,aqu_init_dat_c(iaqu),aqu_init_dat_c(iaqu),delimited,1,1,aqu_read_init,aqu_init_dat_c(iaqu),Initial value for aqu read init,no,none,real,0,999,0,yes
487,GENERAL,pestmetabolite.dat,pestmetabolite,titldum,titldum,delimited,1,1,pest_metabolite_read,titldum,titldum parameter for pest metabolite read,no,none,real,0,999,0,yes
488,GENERAL,pestmetabolite.dat,pestmetabolite,num_metab,num_metab,delimited,1,1,pest_metabolite_read,num_metab,num_metab parameter for pest metabolite read,no,none,integer,1,9999,1,yes
489,GENERAL,pestmetabolite.dat,pestmetabolite,parent_name,parent_name,delimited,1,1,pest_metabolite_read,parent_name,Name or label for pest metabolite read,no,none,string,0,999,default,yes
490,GENERAL,pestmetabolite.dat,pestmetabolite,pestcp(ip)%daughter(imeta)%name,pestcp(ip)%daughter(imeta)%name,delimited,1,1,pest_metabolite_read,pestcp(ip)%daughter(imeta)%name,Name or label for pest metabolite read,no,none,string,0,999,default,yes
491,GENERAL,pestmetabolite.dat,pestmetabolite,pestcp(ip)%daughter(imeta)%foliar_fr,pestcp(ip)%daughter(imeta)%foliar_fr,delimited,1,1,pest_metabolite_read,pestcp(ip)%daughter(imeta)%foliar_fr,foliar_fr parameter for pest metabolite read,no,none,real,0,999,0,yes
492,GENERAL,pestmetabolite.dat,pestmetabolite,pestcp(ip)%daughter(imeta)%soil_fr,pestcp(ip)%daughter(imeta)%soil_fr,delimited,1,1,pest_metabolite_read,pestcp(ip)%daughter(imeta)%soil_fr,soil_fr parameter for pest metabolite read,no,none,real,0,999,0,yes
493,GENERAL,pestmetabolite.dat,pestmetabolite,pestcp(ip)%daughter(imeta)%aq_fr,pestcp(ip)%daughter(imeta)%aq_fr,delimited,1,1,pest_metabolite_read,pestcp(ip)%daughter(imeta)%aq_fr,aq_fr parameter for pest metabolite read,no,none,real,0,999,0,yes
494,GENERAL,pestmetabolite.dat,pestmetabolite,pestcp(ip)%daughter(imeta)%ben_fr,pestcp(ip)%daughter(imeta)%ben_fr,delimited,1,1,pest_metabolite_read,pestcp(ip)%daughter(imeta)%ben_fr,ben_fr parameter for pest metabolite read,no,none,real,0,999,0,yes
495,GENERAL,dtblres.dat,dtblres,dtbl_res(i)%name,dtbl_res(i)%name,delimited,1,1,dtbl_res_read,dtbl_res(i)%name,Name or label for dtbl res read,no,none,string,0,999,default,yes
496,GENERAL,dtblres.dat,dtblres,dtbl_res(i)%conds,dtbl_res(i)%conds,delimited,1,1,dtbl_res_read,dtbl_res(i)%conds,Coefficient for dtbl res read,no,coefficient,real,0,999,0,yes
497,GENERAL,dtblres.dat,dtblres,dtbl_res(i)%alts,dtbl_res(i)%alts,delimited,1,1,dtbl_res_read,dtbl_res(i)%alts,alts parameter for dtbl res read,no,none,real,0,999,0,yes
498,GENERAL,dtblres.dat,dtblres,dtbl_res(i)%acts,dtbl_res(i)%acts,delimited,1,1,dtbl_res_read,dtbl_res(i)%acts,acts parameter for dtbl res read,no,none,real,0,999,0,yes
499,GENERAL,dtblres.dat,dtblres,dtbl_res(i)%cond(ic),dtbl_res(i)%cond(ic),delimited,1,1,dtbl_res_read,dtbl_res(i)%cond(ic),Coefficient for dtbl res read,no,coefficient,real,0,999,0,yes
500,GENERAL,dtblres.dat,dtblres,"dtbl_res(i)%alt(ic,ial), ial = 1, dtbl_res(i)%alts","dtbl_res(i)%alt(ic,ial), ial = 1, dtbl_res(i)%alts",delimited,1,1,dtbl_res_read,"dtbl_res(i)%alt(ic,ial), ial = 1, dtbl_res(i)%alts",alts parameter for dtbl res read,no,none,real,0,999,0,yes
501,GENERAL,dtblres.dat,dtblres,dtbl_res(i)%act(iac),dtbl_res(i)%act(iac),delimited,1,1,dtbl_res_read,dtbl_res(i)%act(iac),act(iac) parameter for dtbl res read,no,none,real,0,999,0,yes
502,GENERAL,dtblres.dat,dtblres,"dtbl_res(i)%act_outcomes(iac,ial), ial = 1, dtbl_res(i)%alts","dtbl_res(i)%act_outcomes(iac,ial), ial = 1, dtbl_res(i)%alts",delimited,1,1,dtbl_res_read,"dtbl_res(i)%act_outcomes(iac,ial), ial = 1, dtbl_res(i)%alts",alts parameter for dtbl res read,no,coefficient,real,0,999,0,yes
503,GENERAL,scenfiltstrip.dat,scenfiltstrip,filtstrip_db(ifiltop),filtstrip_db(ifiltop),delimited,1,1,scen_read_filtstrip,filtstrip_db(ifiltop),filtstrip_db(ifiltop) parameter for scen read filtstrip,no,none,real,0,999,0,yes
504,GENERAL,soildb.dat,soildb,titldum,titldum,delimited,1,1,soil_db_read,titldum,titldum parameter for soil db read,no,none,real,0,999,0,yes
505,GENERAL,soildb.dat,soildb,nlyr,nlyr,delimited,1,1,soil_db_read,nlyr,Year for soil db read,no,none,real,0,999,0,yes
506,GENERAL,soildb.dat,soildb,soildb(isol)%s%snam,soildb(isol)%s%snam,delimited,1,1,soil_db_read,soildb(isol)%s%snam,snam parameter for soil db read,no,none,real,0,999,0,yes
507,GENERAL,soildb.dat,soildb,soildb(isol)%s%nly,soildb(isol)%s%nly,delimited,1,1,soil_db_read,soildb(isol)%s%nly,nly parameter for soil db read,no,none,real,0,999,0,yes
508,GENERAL,soildb.dat,soildb,soildb(isol)%s%hydgrp,soildb(isol)%s%hydgrp,delimited,1,1,soil_db_read,soildb(isol)%s%hydgrp,hydgrp parameter for soil db read,no,none,real,0,999,0,yes
509,GENERAL,soildb.dat,soildb,soildb(isol)%s%zmx,soildb(isol)%s%zmx,delimited,1,1,soil_db_read,soildb(isol)%s%zmx,zmx parameter for soil db read,no,none,real,0,999,0,yes
510,GENERAL,soildb.dat,soildb,soildb(isol)%s%anion_excl,soildb(isol)%s%anion_excl,delimited,1,1,soil_db_read,soildb(isol)%s%anion_excl,anion_excl parameter for soil db read,no,none,real,0,999,0,yes
511,GENERAL,soildb.dat,soildb,soildb(isol)%s%crk,soildb(isol)%s%crk,delimited,1,1,soil_db_read,soildb(isol)%s%crk,Hydraulic conductivity for soil db read,no,none,real,0,999,0,yes
512,GENERAL,soildb.dat,soildb,soildb(isol)%s%texture,soildb(isol)%s%texture,delimited,1,1,soil_db_read,soildb(isol)%s%texture,texture parameter for soil db read,no,none,real,0,999,0,yes
513,GENERAL,soildb.dat,soildb,soildb(isol)%ly(j)%z,soildb(isol)%ly(j)%z,delimited,1,1,soil_db_read,soildb(isol)%ly(j)%z,z parameter for soil db read,no,none,real,0,999,0,yes
514,GENERAL,soildb.dat,soildb,soildb(isol)%ly(j)%bd,soildb(isol)%ly(j)%bd,delimited,1,1,soil_db_read,soildb(isol)%ly(j)%bd,bd parameter for soil db read,no,none,real,0,999,0,yes
515,GENERAL,soildb.dat,soildb,soildb(isol)%ly(j)%awc,soildb(isol)%ly(j)%awc,delimited,1,1,soil_db_read,soildb(isol)%ly(j)%awc,awc parameter for soil db read,no,none,real,0,999,0,yes
516,GENERAL,soildb.dat,soildb,soildb(isol)%ly(j)%k,soildb(isol)%ly(j)%k,delimited,1,1,soil_db_read,soildb(isol)%ly(j)%k,Hydraulic conductivity for soil db read,no,none,real,0,999,0,yes
517,GENERAL,soildb.dat,soildb,soildb(isol)%ly(j)%cbn,soildb(isol)%ly(j)%cbn,delimited,1,1,soil_db_read,soildb(isol)%ly(j)%cbn,cbn parameter for soil db read,no,none,real,0,999,0,yes
518,GENERAL,soildb.dat,soildb,soildb(isol)%ly(j)%clay,soildb(isol)%ly(j)%clay,delimited,1,1,soil_db_read,soildb(isol)%ly(j)%clay,clay parameter for soil db read,no,none,real,0,999,0,yes
519,GENERAL,soildb.dat,soildb,soildb(isol)%ly(j)%silt,soildb(isol)%ly(j)%silt,delimited,1,1,soil_db_read,soildb(isol)%ly(j)%silt,silt parameter for soil db read,no,none,real,0,999,0,yes
520,GENERAL,soildb.dat,soildb,soildb(isol)%ly(j)%sand,soildb(isol)%ly(j)%sand,delimited,1,1,soil_db_read,soildb(isol)%ly(j)%sand,sand parameter for soil db read,no,none,real,0,999,0,yes
521,GENERAL,soildb.dat,soildb,soildb(isol)%ly(j)%rock,soildb(isol)%ly(j)%rock,delimited,1,1,soil_db_read,soildb(isol)%ly(j)%rock,Hydraulic conductivity for soil db read,no,none,real,0,999,0,yes
522,GENERAL,soildb.dat,soildb,soildb(isol)%ly(j)%alb,soildb(isol)%ly(j)%alb,delimited,1,1,soil_db_read,soildb(isol)%ly(j)%alb,alb parameter for soil db read,no,none,real,0,999,0,yes
523,GENERAL,soildb.dat,soildb,soildb(isol)%ly(j)%usle_k,soildb(isol)%ly(j)%usle_k,delimited,1,1,soil_db_read,soildb(isol)%ly(j)%usle_k,Hydraulic conductivity for soil db read,no,none,real,0,999,0,yes
524,GENERAL,soildb.dat,soildb,soildb(isol)%ly(j)%ec,soildb(isol)%ly(j)%ec,delimited,1,1,soil_db_read,soildb(isol)%ly(j)%ec,ec parameter for soil db read,no,none,real,0,999,0,yes
525,GENERAL,soildb.dat,soildb,soildb(isol)%ly(j)%cal,soildb(isol)%ly(j)%cal,delimited,1,1,soil_db_read,soildb(isol)%ly(j)%cal,cal parameter for soil db read,no,none,real,0,999,0,yes
526,GENERAL,soildb.dat,soildb,soildb(isol)%ly(j)%ph,soildb(isol)%ly(j)%ph,delimited,1,1,soil_db_read,soildb(isol)%ly(j)%ph,ph parameter for soil db read,no,none,real,0,999,0,yes
527,GENERAL,aqu.dat,aqu,k,k,delimited,1,1,aqu_read,k,Hydraulic conductivity for aqu read,no,none,real,0,999,0,yes
528,GENERAL,aqu.dat,aqu,aqudb(i),aqudb(i),delimited,1,1,aqu_read,aqudb(i),aqudb(i) parameter for aqu read,no,none,real,0,999,0,yes
529,GENERAL,dr.dat,dr,"dr_om(i,ii)","dr_om(i,ii)",delimited,1,1,dr_read,"dr_om(i,ii)","dr_om(i,ii) parameter for dr read",no,none,real,0,999,0,yes
530,GENERAL,excopest.dat,excopest,exco_pest_name(ii),exco_pest_name(ii),delimited,1,1,exco_read_pest,exco_pest_name(ii),Name or label for exco read pest,no,coefficient,string,0,999,default,yes
531,GENERAL,excopest.dat,excopest,"exco_pest(ii)%pest(ipest), ipest = 1, cs_db%num_pests","exco_pest(ii)%pest(ipest), ipest = 1, cs_db%num_pests",delimited,1,1,exco_read_pest,"exco_pest(ii)%pest(ipest), ipest = 1, cs_db%num_pests",num_pests parameter for exco read pest,no,coefficient,integer,1,9999,1,yes
532,GENERAL,topo.dat,topo,topo_db(ith),topo_db(ith),delimited,1,1,topo_read,topo_db(ith),topo_db(ith) parameter for topo read,no,none,real,0,999,0,yes
533,GENERAL,resnut.dat,resnut,res_nut(ires),res_nut(ires),delimited,1,1,res_read_nut,res_nut(ires),res_nut(ires) parameter for res read nut,no,none,real,0,999,0,yes
534,GENERAL,overlandn.dat,overlandn,overland_n(il),overland_n(il),delimited,1,1,overland_n_read,overland_n(il),overland_n(il) parameter for overland n read,no,none,real,0,999,0,yes
535,GENERAL,mgtchemapp.dat,mgtchemapp,chemapp_db(ichemapp),chemapp_db(ichemapp),delimited,1,1,mgt_read_chemapp,chemapp_db(ichemapp),chemapp_db(ichemapp) parameter for mgt read chemapp,no,none,real,0,999,0,yes
536,GENERAL,saltcha.dat,saltcha,salt_cha_ini(isalti)%name,salt_cha_ini(isalti)%name,delimited,1,1,salt_cha_read,salt_cha_ini(isalti)%name,Name or label for salt cha read,no,none,string,0,999,default,yes
537,GENERAL,saltcha.dat,saltcha,salt_cha_ini(isalti)%conc,salt_cha_ini(isalti)%conc,delimited,1,1,salt_cha_read,salt_cha_ini(isalti)%conc,Coefficient for salt cha read,no,coefficient,real,0,999,0,yes
538,GENERAL,aqu2d.dat,aqu2d,iaq,iaq,delimited,1,1,aqu2d_read,iaq,iaq parameter for aqu2d read,no,none,real,0,999,0,yes
539,GENERAL,aqu2d.dat,aqu2d,namedum,namedum,delimited,1,1,aqu2d_read,namedum,Name or label for aqu2d read,no,none,string,0,999,default,yes
540,GENERAL,aqu2d.dat,aqu2d,nspu,nspu,delimited,1,1,aqu2d_read,nspu,nspu parameter for aqu2d read,no,none,real,0,999,0,yes
541,GENERAL,aqu2d.dat,aqu2d,numb,numb,delimited,1,1,aqu2d_read,numb,numb parameter for aqu2d read,no,none,integer,1,9999,1,yes
542,GENERAL,aqu2d.dat,aqu2d,aq_ch(iaq)%name,aq_ch(iaq)%name,delimited,1,1,aqu2d_read,aq_ch(iaq)%name,Name or label for aqu2d read,no,none,string,0,999,default,yes
543,GENERAL,aqu2d.dat,aqu2d,"elem_cnt(isp), isp = 1, nspu","elem_cnt(isp), isp = 1, nspu",delimited,1,1,aqu2d_read,"elem_cnt(isp), isp = 1, nspu","elem_cnt(isp), isp = 1, nspu parameter for aqu2d read",no,none,integer,1,9999,1,yes
544,GENERAL,chhyd.dat,chhyd,ch_hyd(ich),ch_hyd(ich),delimited,1,1,ch_read_hyd,ch_hyd(ich),ch_hyd(ich) parameter for ch read hyd,no,none,real,0,999,0,yes
545,GENERAL,excosalt.dat,excosalt,exco_salt_name(ii),exco_salt_name(ii),delimited,1,1,exco_read_salt,exco_salt_name(ii),Name or label for exco read salt,no,coefficient,string,0,999,default,yes
546,GENERAL,excosalt.dat,excosalt,"exco_salt(ii)%salt(isalt), isalt = 1, cs_db%num_salts","exco_salt(ii)%salt(isalt), isalt = 1, cs_db%num_salts",delimited,1,1,exco_read_salt,"exco_salt(ii)%salt(isalt), isalt = 1, cs_db%num_salts",num_salts parameter for exco read salt,no,coefficient,integer,1,9999,1,yes
547,GENERAL,hrufrchange.txt,hrufrchange,k,k,delimited,1,1,hru_fr_change,k,Hydraulic conductivity for hru fr change,no,none,real,0,999,0,yes
548,GENERAL,hrufrchange.txt,hrufrchange,ru_elem(i)%name,ru_elem(i)%name,delimited,1,1,hru_fr_change,ru_elem(i)%name,Name or label for hru fr change,no,none,string,0,999,default,yes
549,GENERAL,hrufrchange.txt,hrufrchange,ru_elem(i)%obtyp,ru_elem(i)%obtyp,delimited,1,1,hru_fr_change,ru_elem(i)%obtyp,obtyp parameter for hru fr change,no,none,real,0,999,0,yes
550,GENERAL,hrufrchange.txt,hrufrchange,ru_elem(i)%obtypno,ru_elem(i)%obtypno,delimited,1,1,hru_fr_change,ru_elem(i)%obtypno,obtypno parameter for hru fr change,no,none,real,0,999,0,yes
551,GENERAL,hrufrchange.txt,hrufrchange,ru_elem(i)%frac,ru_elem(i)%frac,delimited,1,1,hru_fr_change,ru_elem(i)%frac,Fraction or ratio for hru fr change,no,fraction,real,0,1,0.5,yes
552,GENERAL,hrufrchange.txt,hrufrchange,ru_elem(i)%dr_name,ru_elem(i)%dr_name,delimited,1,1,hru_fr_change,ru_elem(i)%dr_name,Name or label for hru fr change,no,none,string,0,999,default,yes
553,GENERAL,hrufrchange.txt,hrufrchange,lsu_elem(i)%name,lsu_elem(i)%name,delimited,1,1,hru_fr_change,lsu_elem(i)%name,Name or label for hru fr change,no,none,string,0,999,default,yes
554,GENERAL,hrufrchange.txt,hrufrchange,lsu_elem(i)%obtyp,lsu_elem(i)%obtyp,delimited,1,1,hru_fr_change,lsu_elem(i)%obtyp,obtyp parameter for hru fr change,no,none,real,0,999,0,yes
555,GENERAL,hrufrchange.txt,hrufrchange,lsu_elem(i)%obtypno,lsu_elem(i)%obtypno,delimited,1,1,hru_fr_change,lsu_elem(i)%obtypno,obtypno parameter for hru fr change,no,none,real,0,999,0,yes
556,GENERAL,hrufrchange.txt,hrufrchange,lsu_elem(i)%bsn_frac,lsu_elem(i)%bsn_frac,delimited,1,1,hru_fr_change,lsu_elem(i)%bsn_frac,Fraction or ratio for hru fr change,no,fraction,real,0,1,0.5,yes
557,GENERAL,hrufrchange.txt,hrufrchange,lsu_elem(i)%ru_frac,lsu_elem(i)%ru_frac,delimited,1,1,hru_fr_change,lsu_elem(i)%ru_frac,Fraction or ratio for hru fr change,no,fraction,real,0,1,0.5,yes
558,GENERAL,fertparm.dat,fertparm,fertdb(it),fertdb(it),delimited,1,1,fert_parm_read,fertdb(it),fertdb(it) parameter for fert parm read,no,none,real,0,999,0,yes
559,GENERAL,recallsalt.dat,recallsalt,jday,jday,delimited,1,1,recall_read_salt,jday,Day for recall read salt,no,none,real,0,999,0,yes
560,GENERAL,recallsalt.dat,recallsalt,mo,mo,delimited,1,1,recall_read_salt,mo,Month for recall read salt,no,none,real,0,999,0,yes
561,GENERAL,recallsalt.dat,recallsalt,day_mo,day_mo,delimited,1,1,recall_read_salt,day_mo,Month for recall read salt,no,none,real,0,999,0,yes
562,GENERAL,recallsalt.dat,recallsalt,iyr,iyr,delimited,1,1,recall_read_salt,iyr,Year for recall read salt,no,none,real,0,999,0,yes
563,GENERAL,recallsalt.dat,recallsalt,ob_typ,ob_typ,delimited,1,1,recall_read_salt,ob_typ,ob_typ parameter for recall read salt,no,none,real,0,999,0,yes
564,GENERAL,recallsalt.dat,recallsalt,ob_name,ob_name,delimited,1,1,recall_read_salt,ob_name,Name or label for recall read salt,no,none,string,0,999,default,yes
565,GENERAL,recallsalt.dat,recallsalt,"rec_salt(i)%hd_salt(istep,iyrs)%salt(isalt),isalt=1,cs_db%num_salts","rec_salt(i)%hd_salt(istep,iyrs)%salt(isalt),isalt=1,cs_db%num_salts",delimited,1,1,recall_read_salt,"rec_salt(i)%hd_salt(istep,iyrs)%salt(isalt),isalt=1,cs_db%num_salts",num_salts parameter for recall read salt,no,none,integer,1,9999,1,yes
566,GENERAL,recallsalt.dat,recallsalt,k,k,delimited,1,1,recall_read_salt,k,Hydraulic conductivity for recall read salt,no,none,real,0,999,0,yes
567,GENERAL,recallsalt.dat,recallsalt,rec_salt(i)%name,rec_salt(i)%name,delimited,1,1,recall_read_salt,rec_salt(i)%name,Name or label for recall read salt,no,none,string,0,999,default,yes
568,GENERAL,recallsalt.dat,recallsalt,rec_salt(i)%typ,rec_salt(i)%typ,delimited,1,1,recall_read_salt,rec_salt(i)%typ,typ parameter for recall read salt,no,none,real,0,999,0,yes
569,GENERAL,recallsalt.dat,recallsalt,rec_salt(i)%filename,rec_salt(i)%filename,delimited,1,1,recall_read_salt,rec_salt(i)%filename,Name or label for recall read salt,no,m,string,0,999,default,yes
570,GENERAL,manureallocation.dat,manureallocation,mallo(imro)%name,mallo(imro)%name,delimited,1,1,manure_allocation_read,mallo(imro)%name,Name or label for manure allocation read,no,none,string,0,999,default,yes
571,GENERAL,manureallocation.dat,manureallocation,mallo(imro)%rule_typ,mallo(imro)%rule_typ,delimited,1,1,manure_allocation_read,mallo(imro)%rule_typ,rule_typ parameter for manure allocation read,no,none,real,0,999,0,yes
572,GENERAL,manureallocation.dat,manureallocation,mallo(imro)%src_obs,mallo(imro)%src_obs,delimited,1,1,manure_allocation_read,mallo(imro)%src_obs,src_obs parameter for manure allocation read,no,none,real,0,999,0,yes
573,GENERAL,manureallocation.dat,manureallocation,mallo(imro)%dmd_obs,mallo(imro)%dmd_obs,delimited,1,1,manure_allocation_read,mallo(imro)%dmd_obs,dmd_obs parameter for manure allocation read,no,none,real,0,999,0,yes
574,GENERAL,manureallocation.dat,manureallocation,k,k,delimited,1,1,manure_allocation_read,k,Hydraulic conductivity for manure allocation read,no,none,real,0,999,0,yes
575,GENERAL,manureallocation.dat,manureallocation,mallo(imro)%src(i)%mois_typ,mallo(imro)%src(i)%mois_typ,delimited,1,1,manure_allocation_read,mallo(imro)%src(i)%mois_typ,Month for manure allocation read,no,none,real,0,999,0,yes
576,GENERAL,manureallocation.dat,manureallocation,mallo(imro)%src(i)%manure_typ,mallo(imro)%src(i)%manure_typ,delimited,1,1,manure_allocation_read,mallo(imro)%src(i)%manure_typ,manure_typ parameter for manure allocation read,no,none,real,0,999,0,yes
577,GENERAL,manureallocation.dat,manureallocation,mallo(imro)%src(i)%lat,mallo(imro)%src(i)%lat,delimited,1,1,manure_allocation_read,mallo(imro)%src(i)%lat,lat parameter for manure allocation read,no,none,real,0,999,0,yes
578,GENERAL,manureallocation.dat,manureallocation,mallo(imro)%src(i)%long,mallo(imro)%src(i)%long,delimited,1,1,manure_allocation_read,mallo(imro)%src(i)%long,long parameter for manure allocation read,no,none,real,0,999,0,yes
579,GENERAL,manureallocation.dat,manureallocation,mallo(imro)%src(i)%stor_init,mallo(imro)%src(i)%stor_init,delimited,1,1,manure_allocation_read,mallo(imro)%src(i)%stor_init,Initial value for manure allocation read,no,none,real,0,999,0,yes
580,GENERAL,manureallocation.dat,manureallocation,mallo(imro)%src(i)%stor_max,mallo(imro)%src(i)%stor_max,delimited,1,1,manure_allocation_read,mallo(imro)%src(i)%stor_max,Maximum value for manure allocation read,no,none,real,0,999,0,yes
581,GENERAL,manureallocation.dat,manureallocation,mallo(imro)%src(i)%prod_mon,mallo(imro)%src(i)%prod_mon,delimited,1,1,manure_allocation_read,mallo(imro)%src(i)%prod_mon,Month for manure allocation read,no,none,real,0,999,0,yes
582,GENERAL,manureallocation.dat,manureallocation,mallo(imro)%dmd(i)%ob_typ,mallo(imro)%dmd(i)%ob_typ,delimited,1,1,manure_allocation_read,mallo(imro)%dmd(i)%ob_typ,ob_typ parameter for manure allocation read,no,none,real,0,999,0,yes
583,GENERAL,manureallocation.dat,manureallocation,mallo(imro)%dmd(i)%ob_num,mallo(imro)%dmd(i)%ob_num,delimited,1,1,manure_allocation_read,mallo(imro)%dmd(i)%ob_num,ob_num parameter for manure allocation read,no,none,integer,1,9999,1,yes
584,GENERAL,manureallocation.dat,manureallocation,mallo(imro)%dmd(i)%dtbl,mallo(imro)%dmd(i)%dtbl,delimited,1,1,manure_allocation_read,mallo(imro)%dmd(i)%dtbl,dtbl parameter for manure allocation read,no,none,real,0,999,0,yes
585,GENERAL,manureallocation.dat,manureallocation,mallo(imro)%dmd(i)%right,mallo(imro)%dmd(i)%right,delimited,1,1,manure_allocation_read,mallo(imro)%dmd(i)%right,right parameter for manure allocation read,no,none,real,0,999,0,yes
586,GENERAL,mgtirrops.dat,mgtirrops,irrop_db(irr_op),irrop_db(irr_op),delimited,1,1,mgt_read_irrops,irrop_db(irr_op),irrop_db(irr_op) parameter for mgt read irrops,no,none,real,0,999,0,yes
587,GENERAL,pestparm.dat,pestparm,pestdb(ip),pestdb(ip),delimited,1,1,pest_parm_read,pestdb(ip),pestdb(ip) parameter for pest parm read,no,none,real,0,999,0,yes
588,GENERAL,csaqu.dat,csaqu,cs_aqu_ini(ics)%name,cs_aqu_ini(ics)%name,delimited,1,1,cs_aqu_read,cs_aqu_ini(ics)%name,Name or label for cs aqu read,no,none,string,0,999,default,yes
589,GENERAL,csaqu.dat,csaqu,cs_aqu_ini(ics)%aqu,cs_aqu_ini(ics)%aqu,delimited,1,1,cs_aqu_read,cs_aqu_ini(ics)%aqu,aqu parameter for cs aqu read,no,none,real,0,999,0,yes
590,GENERAL,plantparm.dat,plantparm,pldb(ic),pldb(ic),delimited,1,1,plant_parm_read,pldb(ic),pldb(ic) parameter for plant parm read,no,none,real,0,999,0,yes
591,GENERAL,plantparm.dat,plantparm,pl_class(ic),pl_class(ic),delimited,1,1,plant_parm_read,pl_class(ic),pl_class(ic) parameter for plant parm read,no,none,real,0,999,0,yes
592,GENERAL,ressaltdb.dat,ressaltdb,res_salt_data(ires)%name,res_salt_data(ires)%name,delimited,1,1,res_read_saltdb,res_salt_data(ires)%name,Name or label for res read saltdb,no,none,string,0,999,default,yes
593,GENERAL,ressaltdb.dat,ressaltdb,res_salt_data(ires)%c_init,res_salt_data(ires)%c_init,delimited,1,1,res_read_saltdb,res_salt_data(ires)%c_init,Initial value for res read saltdb,no,none,real,0,999,0,yes
594,GENERAL,soltdb.dat,soltdb,solt_db(isolt),solt_db(isolt),delimited,1,1,solt_db_read,solt_db(isolt),Solar radiation for solt db read,no,none,real,0,999,0,yes
595,GENERAL,mgtmgtops.dat,mgtmgtops,titldum,titldum,delimited,1,1,mgt_read_mgtops,titldum,titldum parameter for mgt read mgtops,no,none,real,0,999,0,yes
596,GENERAL,mgtmgtops.dat,mgtmgtops,nops,nops,delimited,1,1,mgt_read_mgtops,nops,nops parameter for mgt read mgtops,no,none,real,0,999,0,yes
597,GENERAL,mgtmgtops.dat,mgtmgtops,nauto,nauto,delimited,1,1,mgt_read_mgtops,nauto,nauto parameter for mgt read mgtops,no,none,real,0,999,0,yes
598,GENERAL,mgtmgtops.dat,mgtmgtops,sched(isched)%name,sched(isched)%name,delimited,1,1,mgt_read_mgtops,sched(isched)%name,Name or label for mgt read mgtops,no,none,string,0,999,default,yes
599,GENERAL,mgtmgtops.dat,mgtmgtops,sched(isched)%num_ops,sched(isched)%num_ops,delimited,1,1,mgt_read_mgtops,sched(isched)%num_ops,num_ops parameter for mgt read mgtops,no,none,integer,1,9999,1,yes
600,GENERAL,mgtmgtops.dat,mgtmgtops,sched(isched)%num_autos,sched(isched)%num_autos,delimited,1,1,mgt_read_mgtops,sched(isched)%num_autos,num_autos parameter for mgt read mgtops,no,none,integer,1,9999,1,yes
601,GENERAL,mgtmgtops.dat,mgtmgtops,sched(isched)%auto_name(iauto),sched(isched)%auto_name(iauto),delimited,1,1,mgt_read_mgtops,sched(isched)%auto_name(iauto),Name or label for mgt read mgtops,no,none,string,0,999,default,yes
602,GENERAL,mgtmgtops.dat,mgtmgtops,sched(isched)%auto_crop,sched(isched)%auto_crop,delimited,1,1,mgt_read_mgtops,sched(isched)%auto_crop,auto_crop parameter for mgt read mgtops,no,none,real,0,999,0,yes
603,GENERAL,saltfert.dat,saltfert,fert_salt(isalti),fert_salt(isalti),delimited,1,1,salt_fert_read,fert_salt(isalti),fert_salt(isalti) parameter for salt fert read,no,none,real,0,999,0,yes
604,GENERAL,urbanparm.dat,urbanparm,urbdb(iu),urbdb(iu),delimited,1,1,urban_parm_read,urbdb(iu),urbdb(iu) parameter for urban parm read,no,none,real,0,999,0,yes
605,GENERAL,cntbl.dat,cntbl,cn(icno),cn(icno),delimited,1,1,cntbl_read,cn(icno),cn(icno) parameter for cntbl read,no,none,real,0,999,0,yes
606,GENERAL,hydreadconnect.con,hydconnect,ob(i)%num,ob(i)%num,delimited,1,1,hyd_read_connect,ob(i)%num,num parameter for hyd read connect,no,none,integer,1,9999,1,yes
607,GENERAL,hydreadconnect.con,hydconnect,ob(i)%name,ob(i)%name,delimited,1,1,hyd_read_connect,ob(i)%name,Name or label for hyd read connect,no,none,string,0,999,default,yes
608,GENERAL,hydreadconnect.con,hydconnect,ob(i)%gis_id,ob(i)%gis_id,delimited,1,1,hyd_read_connect,ob(i)%gis_id,Unique identifier for hyd read connect,no,none,integer,1,9999,1,yes
609,GENERAL,hydreadconnect.con,hydconnect,ob(i)%area_ha,ob(i)%area_ha,delimited,1,1,hyd_read_connect,ob(i)%area_ha,Area in hectares for hyd read connect,no,ha,real,0,100000,0,yes
610,GENERAL,hydreadconnect.con,hydconnect,ob(i)%lat,ob(i)%lat,delimited,1,1,hyd_read_connect,ob(i)%lat,lat parameter for hyd read connect,no,none,real,0,999,0,yes
611,GENERAL,hydreadconnect.con,hydconnect,ob(i)%long,ob(i)%long,delimited,1,1,hyd_read_connect,ob(i)%long,long parameter for hyd read connect,no,none,real,0,999,0,yes
612,GENERAL,hydreadconnect.con,hydconnect,ob(i)%elev,ob(i)%elev,delimited,1,1,hyd_read_connect,ob(i)%elev,elev parameter for hyd read connect,no,none,real,0,999,0,yes
613,GENERAL,hydreadconnect.con,hydconnect,ob(i)%props,ob(i)%props,delimited,1,1,hyd_read_connect,ob(i)%props,props parameter for hyd read connect,no,none,real,0,999,0,yes
614,GENERAL,hydreadconnect.con,hydconnect,ob(i)%wst_c,ob(i)%wst_c,delimited,1,1,hyd_read_connect,ob(i)%wst_c,wst_c parameter for hyd read connect,no,none,real,0,999,0,yes
615,GENERAL,hydreadconnect.con,hydconnect,ob(i)%constit,ob(i)%constit,delimited,1,1,hyd_read_connect,ob(i)%constit,Coefficient for hyd read connect,no,coefficient,real,0,999,0,yes
616,GENERAL,hydreadconnect.con,hydconnect,ob(i)%props2,ob(i)%props2,delimited,1,1,hyd_read_connect,ob(i)%props2,props2 parameter for hyd read connect,no,none,real,0,999,0,yes
617,GENERAL,hydreadconnect.con,hydconnect,ob(i)%ruleset,ob(i)%ruleset,delimited,1,1,hyd_read_connect,ob(i)%ruleset,ruleset parameter for hyd read connect,no,none,real,0,999,0,yes
618,GENERAL,hydreadconnect.con,hydconnect,ob(i)%src_tot,ob(i)%src_tot,delimited,1,1,hyd_read_connect,ob(i)%src_tot,src_tot parameter for hyd read connect,no,none,real,0,999,0,yes
619,GENERAL,hydreadconnect.con,hydconnect,"ob(i)%obtyp_out(isp), ob(i)%obtypno_out(isp), ob(i)%htyp_out(isp), ob(i)%frac_out(isp), isp = 1, nout","ob(i)%obtyp_out(isp), ob(i)%obtypno_out(isp), ob(i)%htyp_out(isp), ob(i)%frac_out(isp), isp = 1, nout",delimited,1,1,hyd_read_connect,"ob(i)%obtyp_out(isp), ob(i)%obtypno_out(isp), ob(i)%htyp_out(isp), ob(i)%frac_out(isp), isp = 1, nout",Fraction or ratio for hyd read connect,no,fraction,real,0,1,0.5,yes
620,GENERAL,calcondread.con,calcond,upd_cond(i)%max_hits,upd_cond(i)%max_hits,delimited,1,1,cal_cond_read,upd_cond(i)%max_hits,Maximum value for cal cond read,no,coefficient,real,0,999,0,yes
621,GENERAL,calcondread.con,calcond,upd_cond(i)%typ,upd_cond(i)%typ,delimited,1,1,cal_cond_read,upd_cond(i)%typ,typ parameter for cal cond read,no,coefficient,real,0,999,0,yes
622,GENERAL,calcondread.con,calcond,upd_cond(i)%dtbl,upd_cond(i)%dtbl,delimited,1,1,cal_cond_read,upd_cond(i)%dtbl,dtbl parameter for cal cond read,no,coefficient,real,0,999,0,yes
623,GENERAL,recelements.dat,recelements,k,k,delimited,1,1,rec_read_elements,k,Hydraulic conductivity for rec read elements,no,none,real,0,999,0,yes
624,GENERAL,recelements.dat,recelements,pcu_out(i)%name,pcu_out(i)%name,delimited,1,1,rec_read_elements,pcu_out(i)%name,Name or label for rec read elements,no,none,string,0,999,default,yes
625,GENERAL,recelements.dat,recelements,pcu_out(i)%area_ha,pcu_out(i)%area_ha,delimited,1,1,rec_read_elements,pcu_out(i)%area_ha,Area in hectares for rec read elements,no,ha,real,0,100000,0,yes
626,GENERAL,recelements.dat,recelements,nspu,nspu,delimited,1,1,rec_read_elements,nspu,nspu parameter for rec read elements,no,none,real,0,999,0,yes
627,GENERAL,recelements.dat,recelements,"elem_cnt(isp), isp = 1, nspu","elem_cnt(isp), isp = 1, nspu",delimited,1,1,rec_read_elements,"elem_cnt(isp), isp = 1, nspu","elem_cnt(isp), isp = 1, nspu parameter for rec read elements",no,none,integer,1,9999,1,yes
628,GENERAL,recelements.dat,recelements,pcu_reg(i)%name,pcu_reg(i)%name,delimited,1,1,rec_read_elements,pcu_reg(i)%name,Name or label for rec read elements,no,none,string,0,999,default,yes
629,GENERAL,recelements.dat,recelements,pcu_reg(i)%area_ha,pcu_reg(i)%area_ha,delimited,1,1,rec_read_elements,pcu_reg(i)%area_ha,Area in hectares for rec read elements,no,ha,real,0,100000,0,yes
630,GENERAL,recelements.dat,recelements,pcu_elem(i)%name,pcu_elem(i)%name,delimited,1,1,rec_read_elements,pcu_elem(i)%name,Name or label for rec read elements,no,none,string,0,999,default,yes
631,GENERAL,recelements.dat,recelements,pcu_elem(i)%obtyp,pcu_elem(i)%obtyp,delimited,1,1,rec_read_elements,pcu_elem(i)%obtyp,obtyp parameter for rec read elements,no,none,real,0,999,0,yes
632,GENERAL,recelements.dat,recelements,pcu_elem(i)%obtypno,pcu_elem(i)%obtypno,delimited,1,1,rec_read_elements,pcu_elem(i)%obtypno,obtypno parameter for rec read elements,no,none,real,0,999,0,yes
633,GENERAL,recelements.dat,recelements,pcu_elem(i)%bsn_frac,pcu_elem(i)%bsn_frac,delimited,1,1,rec_read_elements,pcu_elem(i)%bsn_frac,Fraction or ratio for rec read elements,no,fraction,real,0,1,0.5,yes
634,GENERAL,recelements.dat,recelements,pcu_elem(i)%ru_frac,pcu_elem(i)%ru_frac,delimited,1,1,rec_read_elements,pcu_elem(i)%ru_frac,Fraction or ratio for rec read elements,no,fraction,real,0,1,0.5,yes
635,GENERAL,recelements.dat,recelements,pcu_elem(i)%reg_frac,pcu_elem(i)%reg_frac,delimited,1,1,rec_read_elements,pcu_elem(i)%reg_frac,Fraction or ratio for rec read elements,no,fraction,real,0,1,0.5,yes
636,GENERAL,hydrol.dat,hydrol,hyd_db(ithyd),hyd_db(ithyd),delimited,1,1,hydrol_read,hyd_db(ithyd),hyd_db(ithyd) parameter for hydrol read,no,none,real,0,999,0,yes
637,GENERAL,calparm.dat,calparm,cal_parms(i),cal_parms(i),delimited,1,1,cal_parm_read,cal_parms(i),cal_parms(i) parameter for cal parm read,no,none,real,0,999,0,yes
638,GENERAL,planttransplant.dat,planttransplant,transpl(ic),transpl(ic),delimited,1,1,plant_transplant_read,transpl(ic),transpl(ic) parameter for plant transplant read,no,none,real,0,999,0,yes
639,GENERAL,drpest.dat,drpest,dr_pest_name(ii),dr_pest_name(ii),delimited,1,1,dr_read_pest,dr_pest_name(ii),Name or label for dr read pest,no,none,string,0,999,default,yes
640,GENERAL,drpest.dat,drpest,"dr_pest(ii)%pest(ipest), ipest = 1, cs_db%num_pests","dr_pest(ii)%pest(ipest), ipest = 1, cs_db%num_pests",delimited,1,1,dr_read_pest,"dr_pest(ii)%pest(ipest), ipest = 1, cs_db%num_pests",num_pests parameter for dr read pest,no,none,integer,1,9999,1,yes
641,GENERAL,septicparm.dat,septicparm,sepdb(is),sepdb(is),delimited,1,1,septic_parm_read,sepdb(is),sepdb(is) parameter for septic parm read,no,none,real,0,999,0,yes
642,GENERAL,rescs.dat,rescs,res_cs_data(ires),res_cs_data(ires),delimited,1,1,res_read_cs,res_cs_data(ires),res_cs_data(ires) parameter for res read cs,no,none,real,0,999,0,yes
643,GENERAL,pestchares.dat,pestchares,pest_init_name(ipesti),pest_init_name(ipesti),delimited,1,1,pest_cha_res_read,pest_init_name(ipesti),Name or label for pest cha res read,no,none,string,0,999,default,yes
644,GENERAL,pestchares.dat,pestchares,titldum,titldum,delimited,1,1,pest_cha_res_read,titldum,titldum parameter for pest cha res read,no,none,real,0,999,0,yes
645,GENERAL,pestchares.dat,pestchares,pest_water_ini(ipesti)%water,pest_water_ini(ipesti)%water,delimited,1,1,pest_cha_res_read,pest_water_ini(ipesti)%water,water parameter for pest cha res read,no,none,real,0,999,0,yes
646,GENERAL,pestchares.dat,pestchares,pest_water_ini(ipesti)%benthic,pest_water_ini(ipesti)%benthic,delimited,1,1,pest_cha_res_read,pest_water_ini(ipesti)%benthic,benthic parameter for pest cha res read,no,none,real,0,999,0,yes
650,GENERAL,saltirr.dat,saltirr,salt_water_irr(isalti)%name,salt_water_irr(isalti)%name,delimited,1,1,salt_irr_read,salt_water_irr(isalti)%name,Name or label for salt irr read,no,none,string,0,999,default,yes
651,GENERAL,saltirr.dat,saltirr,salt_water_irr(isalti)%water,salt_water_irr(isalti)%water,delimited,1,1,salt_irr_read,salt_water_irr(isalti)%water,water parameter for salt irr read,no,none,real,0,999,0,yes
652,GENERAL,hrulte.dat,hrulte,k,k,delimited,1,1,hru_lte_read,k,Hydraulic conductivity for hru lte read,no,none,real,0,999,0,yes
653,GENERAL,hrulte.dat,hrulte,hlt_db(i),hlt_db(i),delimited,1,1,hru_lte_read,hlt_db(i),hlt_db(i) parameter for hru lte read,no,none,real,0,999,0,yes
654,GENERAL,resinit.dat,resinit,res_init_dat_c(ires),res_init_dat_c(ires),delimited,1,1,res_read_init,res_init_dat_c(ires),Initial value for res read init,no,none,real,0,999,0,yes
655,GENERAL,wetsaltcs.dat,wetsaltcs,k,k,delimited,1,1,wet_read_salt_cs,k,Hydraulic conductivity for wet read salt cs,no,none,real,0,999,0,yes
656,GENERAL,wetsaltcs.dat,wetsaltcs,wet_dat_c_cs(iwet),wet_dat_c_cs(iwet),delimited,1,1,wet_read_salt_cs,wet_dat_c_cs(iwet),wet_dat_c_cs(iwet) parameter for wet read salt cs,no,none,real,0,999,0,yes
657,GENERAL,lcusoftcal.dat,lcusoftcal,region(ireg)%name,region(ireg)%name,delimited,1,1,lcu_read_softcal,region(ireg)%name,Name or label for lcu read softcal,no,none,string,0,999,default,yes
658,GENERAL,lcusoftcal.dat,lcusoftcal,region(ireg)%nlum,region(ireg)%nlum,delimited,1,1,lcu_read_softcal,region(ireg)%nlum,nlum parameter for lcu read softcal,no,none,real,0,999,0,yes
659,GENERAL,lcusoftcal.dat,lcusoftcal,lscal(ireg)%lum(ilum)%meas,lscal(ireg)%lum(ilum)%meas,delimited,1,1,lcu_read_softcal,lscal(ireg)%lum(ilum)%meas,meas parameter for lcu read softcal,no,none,real,0,999,0,yes
660,GENERAL,mgtharvops.dat,mgtharvops,harvop_db(iharvop),harvop_db(iharvop),delimited,1,1,mgt_read_harvops,harvop_db(iharvop),harvop_db(iharvop) parameter for mgt read harvops,no,none,real,0,999,0,yes
664,GENERAL,ch.dat,ch,k,k,delimited,1,1,ch_read,k,Hydraulic conductivity for ch read,no,none,real,0,999,0,yes
665,GENERAL,ch.dat,ch,ch_dat_c(ichi),ch_dat_c(ichi),delimited,1,1,ch_read,ch_dat_c(ichi),ch_dat_c(ichi) parameter for ch read,no,none,real,0,999,0,yes
666,GENERAL,csuptake.dat,csuptake,name,name,delimited,1,1,cs_uptake_read,name,Name or label for cs uptake read,no,none,string,0,999,default,yes
667,GENERAL,csuptake.dat,csuptake,"cs_uptake_kg(i,j),j=1,cs_db%num_cs","cs_uptake_kg(i,j),j=1,cs_db%num_cs",delimited,1,1,cs_uptake_read,"cs_uptake_kg(i,j),j=1,cs_db%num_cs",num_cs parameter for cs uptake read,no,none,integer,1,9999,1,yes
668,GENERAL,wethyd.dat,wethyd,wet_hyddb(ires),wet_hyddb(ires),delimited,1,1,wet_read_hyd,wet_hyddb(ires),wet_hyddb(ires) parameter for wet read hyd,no,none,real,0,999,0,yes
669,GENERAL,wethyd.dat,wethyd,dum1,dum1,delimited,1,1,wet_read_hyd,dum1,dum1 parameter for wet read hyd,no,none,real,0,999,0,yes
670,GENERAL,wethyd.dat,wethyd,wet_thick(ires),wet_thick(ires),delimited,1,1,wet_read_hyd,wet_thick(ires),Hydraulic conductivity for wet read hyd,no,none,real,0,999,0,yes
671,GENERAL,reselements.dat,reselements,k,k,delimited,1,1,res_read_elements,k,Hydraulic conductivity for res read elements,no,none,real,0,999,0,yes
672,GENERAL,reselements.dat,reselements,rcu_out(i)%name,rcu_out(i)%name,delimited,1,1,res_read_elements,rcu_out(i)%name,Name or label for res read elements,no,none,string,0,999,default,yes
673,GENERAL,reselements.dat,reselements,rcu_out(i)%area_ha,rcu_out(i)%area_ha,delimited,1,1,res_read_elements,rcu_out(i)%area_ha,Area in hectares for res read elements,no,ha,real,0,100000,0,yes
674,GENERAL,reselements.dat,reselements,nspu,nspu,delimited,1,1,res_read_elements,nspu,nspu parameter for res read elements,no,none,real,0,999,0,yes
675,GENERAL,reselements.dat,reselements,"elem_cnt(isp), isp = 1, nspu","elem_cnt(isp), isp = 1, nspu",delimited,1,1,res_read_elements,"elem_cnt(isp), isp = 1, nspu","elem_cnt(isp), isp = 1, nspu parameter for res read elements",no,none,integer,1,9999,1,yes
676,GENERAL,reselements.dat,reselements,rcu_cal(i)%name,rcu_cal(i)%name,delimited,1,1,res_read_elements,rcu_cal(i)%name,Name or label for res read elements,no,none,string,0,999,default,yes
677,GENERAL,reselements.dat,reselements,rcu_cal(i)%area_ha,rcu_cal(i)%area_ha,delimited,1,1,res_read_elements,rcu_cal(i)%area_ha,Area in hectares for res read elements,no,ha,real,0,100000,0,yes
678,GENERAL,reselements.dat,reselements,rcu_elem(i)%name,rcu_elem(i)%name,delimited,1,1,res_read_elements,rcu_elem(i)%name,Name or label for res read elements,no,none,string,0,999,default,yes
679,GENERAL,reselements.dat,reselements,rcu_elem(i)%obtyp,rcu_elem(i)%obtyp,delimited,1,1,res_read_elements,rcu_elem(i)%obtyp,obtyp parameter for res read elements,no,none,real,0,999,0,yes
680,GENERAL,reselements.dat,reselements,rcu_elem(i)%obtypno,rcu_elem(i)%obtypno,delimited,1,1,res_read_elements,rcu_elem(i)%obtypno,obtypno parameter for res read elements,no,none,real,0,999,0,yes
681,GENERAL,reselements.dat,reselements,rcu_elem(i)%bsn_frac,rcu_elem(i)%bsn_frac,delimited,1,1,res_read_elements,rcu_elem(i)%bsn_frac,Fraction or ratio for res read elements,no,fraction,real,0,1,0.5,yes
682,GENERAL,reselements.dat,reselements,rcu_elem(i)%ru_frac,rcu_elem(i)%ru_frac,delimited,1,1,res_read_elements,rcu_elem(i)%ru_frac,Fraction or ratio for res read elements,no,fraction,real,0,1,0.5,yes
683,GENERAL,reselements.dat,reselements,rcu_elem(i)%reg_frac,rcu_elem(i)%reg_frac,delimited,1,1,res_read_elements,rcu_elem(i)%reg_frac,Fraction or ratio for res read elements,no,fraction,real,0,1,0.5,yes
684,GENERAL,scenbmpuser.dat,scenbmpuser,bmpuser_db(ibmpop),bmpuser_db(ibmpop),delimited,1,1,scen_read_bmpuser,bmpuser_db(ibmpop),bmpuser_db(ibmpop) parameter for scen read bmpuser,no,none,real,0,999,0,yes
685,GENERAL,basinprintcodes.dat,basinprintcodes,pco%nyskip,pco%nyskip,delimited,1,1,basin_print_codes_read,pco%nyskip,Hydraulic conductivity for basin print codes read,no,coefficient,real,0,999,0,yes
686,GENERAL,basinprintcodes.dat,basinprintcodes,pco%day_start,pco%day_start,delimited,1,1,basin_print_codes_read,pco%day_start,Day for basin print codes read,no,coefficient,real,0,999,0,yes
687,GENERAL,basinprintcodes.dat,basinprintcodes,pco%yrc_start,pco%yrc_start,delimited,1,1,basin_print_codes_read,pco%yrc_start,Year for basin print codes read,no,coefficient,real,0,999,0,yes
688,GENERAL,basinprintcodes.dat,basinprintcodes,pco%day_end,pco%day_end,delimited,1,1,basin_print_codes_read,pco%day_end,Day for basin print codes read,no,coefficient,real,0,999,0,yes
689,GENERAL,basinprintcodes.dat,basinprintcodes,pco%yrc_end,pco%yrc_end,delimited,1,1,basin_print_codes_read,pco%yrc_end,Year for basin print codes read,no,coefficient,real,0,999,0,yes
690,GENERAL,basinprintcodes.dat,basinprintcodes,pco%int_day,pco%int_day,delimited,1,1,basin_print_codes_read,pco%int_day,Day for basin print codes read,no,coefficient,real,0,999,0,yes
691,GENERAL,basinprintcodes.dat,basinprintcodes,pco%aa_numint,pco%aa_numint,delimited,1,1,basin_print_codes_read,pco%aa_numint,Minimum value for basin print codes read,no,coefficient,integer,1,9999,1,yes
692,GENERAL,basinprintcodes.dat,basinprintcodes,"pco%aa_yrs(ii), ii = 1, pco%aa_numint","pco%aa_yrs(ii), ii = 1, pco%aa_numint",delimited,1,1,basin_print_codes_read,"pco%aa_yrs(ii), ii = 1, pco%aa_numint",Minimum value for basin print codes read,no,coefficient,integer,1,9999,1,yes
693,GENERAL,basinprintcodes.dat,basinprintcodes,pco%csvout,pco%csvout,delimited,1,1,basin_print_codes_read,pco%csvout,csvout parameter for basin print codes read,no,coefficient,real,0,999,0,yes
694,GENERAL,basinprintcodes.dat,basinprintcodes,pco%use_obj_labels,pco%use_obj_labels,delimited,1,1,basin_print_codes_read,pco%use_obj_labels,use_obj_labels parameter for basin print codes read,no,coefficient,real,0,999,0,yes
695,GENERAL,basinprintcodes.dat,basinprintcodes,pco%cdfout,pco%cdfout,delimited,1,1,basin_print_codes_read,pco%cdfout,cdfout parameter for basin print codes read,no,coefficient,real,0,999,0,yes
696,GENERAL,basinprintcodes.dat,basinprintcodes,pco%crop_yld,pco%crop_yld,delimited,1,1,basin_print_codes_read,pco%crop_yld,crop_yld parameter for basin print codes read,no,coefficient,real,0,999,0,yes
697,GENERAL,basinprintcodes.dat,basinprintcodes,pco%mgtout,pco%mgtout,delimited,1,1,basin_print_codes_read,pco%mgtout,mgtout parameter for basin print codes read,no,coefficient,real,0,999,0,yes
698,GENERAL,basinprintcodes.dat,basinprintcodes,pco%hydcon,pco%hydcon,delimited,1,1,basin_print_codes_read,pco%hydcon,Coefficient for basin print codes read,no,coefficient,real,0,999,0,yes
699,GENERAL,basinprintcodes.dat,basinprintcodes,pco%fdcout,pco%fdcout,delimited,1,1,basin_print_codes_read,pco%fdcout,Coefficient for basin print codes read,no,coefficient,real,0,999,0,yes
700,GENERAL,basinprintcodes.dat,basinprintcodes,name,name,delimited,1,1,basin_print_codes_read,name,Name or label for basin print codes read,no,none,string,0,999,default,yes
701,GENERAL,basinprintcodes.dat,basinprintcodes,pco%wb_bsn%d,pco%wb_bsn%d,delimited,1,1,basin_print_codes_read,pco%wb_bsn%d,d parameter for basin print codes read,no,coefficient,real,0,999,0,yes
702,GENERAL,basinprintcodes.dat,basinprintcodes,pco%wb_bsn%m,pco%wb_bsn%m,delimited,1,1,basin_print_codes_read,pco%wb_bsn%m,m parameter for basin print codes read,no,coefficient,real,0,999,0,yes
703,GENERAL,basinprintcodes.dat,basinprintcodes,pco%wb_bsn%y,pco%wb_bsn%y,delimited,1,1,basin_print_codes_read,pco%wb_bsn%y,y parameter for basin print codes read,no,coefficient,real,0,999,0,yes
704,GENERAL,basinprintcodes.dat,basinprintcodes,pco%wb_bsn%a,pco%wb_bsn%a,delimited,1,1,basin_print_codes_read,pco%wb_bsn%a,a parameter for basin print codes read,no,coefficient,real,0,999,0,yes
705,GENERAL,basinprintcodes.dat,basinprintcodes,pco%nb_bsn%d,pco%nb_bsn%d,delimited,1,1,basin_print_codes_read,pco%nb_bsn%d,d parameter for basin print codes read,no,coefficient,real,0,999,0,yes
706,GENERAL,basinprintcodes.dat,basinprintcodes,pco%nb_bsn%m,pco%nb_bsn%m,delimited,1,1,basin_print_codes_read,pco%nb_bsn%m,m parameter for basin print codes read,no,coefficient,real,0,999,0,yes
707,GENERAL,basinprintcodes.dat,basinprintcodes,pco%nb_bsn%y,pco%nb_bsn%y,delimited,1,1,basin_print_codes_read,pco%nb_bsn%y,y parameter for basin print codes read,no,coefficient,real,0,999,0,yes
708,GENERAL,basinprintcodes.dat,basinprintcodes,pco%nb_bsn%a,pco%nb_bsn%a,delimited,1,1,basin_print_codes_read,pco%nb_bsn%a,a parameter for basin print codes read,no,coefficient,real,0,999,0,yes
709,GENERAL,basinprintcodes.dat,basinprintcodes,pco%ls_bsn%d,pco%ls_bsn%d,delimited,1,1,basin_print_codes_read,pco%ls_bsn%d,d parameter for basin print codes read,no,coefficient,real,0,999,0,yes
710,GENERAL,basinprintcodes.dat,basinprintcodes,pco%ls_bsn%m,pco%ls_bsn%m,delimited,1,1,basin_print_codes_read,pco%ls_bsn%m,m parameter for basin print codes read,no,coefficient,real,0,999,0,yes
711,GENERAL,basinprintcodes.dat,basinprintcodes,pco%ls_bsn%y,pco%ls_bsn%y,delimited,1,1,basin_print_codes_read,pco%ls_bsn%y,y parameter for basin print codes read,no,coefficient,real,0,999,0,yes
712,GENERAL,basinprintcodes.dat,basinprintcodes,pco%ls_bsn%a,pco%ls_bsn%a,delimited,1,1,basin_print_codes_read,pco%ls_bsn%a,a parameter for basin print codes read,no,coefficient,real,0,999,0,yes
713,GENERAL,basinprintcodes.dat,basinprintcodes,pco%pw_bsn%d,pco%pw_bsn%d,delimited,1,1,basin_print_codes_read,pco%pw_bsn%d,d parameter for basin print codes read,no,coefficient,real,0,999,0,yes
714,GENERAL,basinprintcodes.dat,basinprintcodes,pco%pw_bsn%m,pco%pw_bsn%m,delimited,1,1,basin_print_codes_read,pco%pw_bsn%m,m parameter for basin print codes read,no,coefficient,real,0,999,0,yes
715,GENERAL,basinprintcodes.dat,basinprintcodes,pco%pw_bsn%y,pco%pw_bsn%y,delimited,1,1,basin_print_codes_read,pco%pw_bsn%y,y parameter for basin print codes read,no,coefficient,real,0,999,0,yes
716,GENERAL,basinprintcodes.dat,basinprintcodes,pco%pw_bsn%a,pco%pw_bsn%a,delimited,1,1,basin_print_codes_read,pco%pw_bsn%a,a parameter for basin print codes read,no,coefficient,real,0,999,0,yes
717,GENERAL,basinprintcodes.dat,basinprintcodes,pco%aqu_bsn%d,pco%aqu_bsn%d,delimited,1,1,basin_print_codes_read,pco%aqu_bsn%d,d parameter for basin print codes read,no,coefficient,real,0,999,0,yes
718,GENERAL,basinprintcodes.dat,basinprintcodes,pco%aqu_bsn%m,pco%aqu_bsn%m,delimited,1,1,basin_print_codes_read,pco%aqu_bsn%m,m parameter for basin print codes read,no,coefficient,real,0,999,0,yes
719,GENERAL,basinprintcodes.dat,basinprintcodes,pco%aqu_bsn%y,pco%aqu_bsn%y,delimited,1,1,basin_print_codes_read,pco%aqu_bsn%y,y parameter for basin print codes read,no,coefficient,real,0,999,0,yes
720,GENERAL,basinprintcodes.dat,basinprintcodes,pco%aqu_bsn%a,pco%aqu_bsn%a,delimited,1,1,basin_print_codes_read,pco%aqu_bsn%a,a parameter for basin print codes read,no,coefficient,real,0,999,0,yes
721,GENERAL,basinprintcodes.dat,basinprintcodes,pco%res_bsn%d,pco%res_bsn%d,delimited,1,1,basin_print_codes_read,pco%res_bsn%d,d parameter for basin print codes read,no,coefficient,real,0,999,0,yes
722,GENERAL,basinprintcodes.dat,basinprintcodes,pco%res_bsn%m,pco%res_bsn%m,delimited,1,1,basin_print_codes_read,pco%res_bsn%m,m parameter for basin print codes read,no,coefficient,real,0,999,0,yes
723,GENERAL,basinprintcodes.dat,basinprintcodes,pco%res_bsn%y,pco%res_bsn%y,delimited,1,1,basin_print_codes_read,pco%res_bsn%y,y parameter for basin print codes read,no,coefficient,real,0,999,0,yes
724,GENERAL,basinprintcodes.dat,basinprintcodes,pco%res_bsn%a,pco%res_bsn%a,delimited,1,1,basin_print_codes_read,pco%res_bsn%a,a parameter for basin print codes read,no,coefficient,real,0,999,0,yes
725,GENERAL,basinprintcodes.dat,basinprintcodes,pco%chan_bsn%d,pco%chan_bsn%d,delimited,1,1,basin_print_codes_read,pco%chan_bsn%d,d parameter for basin print codes read,no,coefficient,real,0,999,0,yes
726,GENERAL,basinprintcodes.dat,basinprintcodes,pco%chan_bsn%m,pco%chan_bsn%m,delimited,1,1,basin_print_codes_read,pco%chan_bsn%m,m parameter for basin print codes read,no,coefficient,real,0,999,0,yes
727,GENERAL,basinprintcodes.dat,basinprintcodes,pco%chan_bsn%y,pco%chan_bsn%y,delimited,1,1,basin_print_codes_read,pco%chan_bsn%y,y parameter for basin print codes read,no,coefficient,real,0,999,0,yes
728,GENERAL,basinprintcodes.dat,basinprintcodes,pco%chan_bsn%a,pco%chan_bsn%a,delimited,1,1,basin_print_codes_read,pco%chan_bsn%a,a parameter for basin print codes read,no,coefficient,real,0,999,0,yes
729,GENERAL,basinprintcodes.dat,basinprintcodes,pco%sd_chan_bsn%d,pco%sd_chan_bsn%d,delimited,1,1,basin_print_codes_read,pco%sd_chan_bsn%d,d parameter for basin print codes read,no,coefficient,real,0,999,0,yes
730,GENERAL,basinprintcodes.dat,basinprintcodes,pco%sd_chan_bsn%m,pco%sd_chan_bsn%m,delimited,1,1,basin_print_codes_read,pco%sd_chan_bsn%m,m parameter for basin print codes read,no,coefficient,real,0,999,0,yes
731,GENERAL,basinprintcodes.dat,basinprintcodes,pco%sd_chan_bsn%y,pco%sd_chan_bsn%y,delimited,1,1,basin_print_codes_read,pco%sd_chan_bsn%y,y parameter for basin print codes read,no,coefficient,real,0,999,0,yes
732,GENERAL,basinprintcodes.dat,basinprintcodes,pco%sd_chan_bsn%a,pco%sd_chan_bsn%a,delimited,1,1,basin_print_codes_read,pco%sd_chan_bsn%a,a parameter for basin print codes read,no,coefficient,real,0,999,0,yes
733,GENERAL,basinprintcodes.dat,basinprintcodes,pco%recall_bsn%d,pco%recall_bsn%d,delimited,1,1,basin_print_codes_read,pco%recall_bsn%d,d parameter for basin print codes read,no,coefficient,real,0,999,0,yes
734,GENERAL,basinprintcodes.dat,basinprintcodes,pco%recall_bsn%m,pco%recall_bsn%m,delimited,1,1,basin_print_codes_read,pco%recall_bsn%m,m parameter for basin print codes read,no,coefficient,real,0,999,0,yes
735,GENERAL,basinprintcodes.dat,basinprintcodes,pco%recall_bsn%y,pco%recall_bsn%y,delimited,1,1,basin_print_codes_read,pco%recall_bsn%y,y parameter for basin print codes read,no,coefficient,real,0,999,0,yes
736,GENERAL,basinprintcodes.dat,basinprintcodes,pco%recall_bsn%a,pco%recall_bsn%a,delimited,1,1,basin_print_codes_read,pco%recall_bsn%a,a parameter for basin print codes read,no,coefficient,real,0,999,0,yes
737,GENERAL,basinprintcodes.dat,basinprintcodes,pco%wb_reg%d,pco%wb_reg%d,delimited,1,1,basin_print_codes_read,pco%wb_reg%d,d parameter for basin print codes read,no,coefficient,real,0,999,0,yes
738,GENERAL,basinprintcodes.dat,basinprintcodes,pco%wb_reg%m,pco%wb_reg%m,delimited,1,1,basin_print_codes_read,pco%wb_reg%m,m parameter for basin print codes read,no,coefficient,real,0,999,0,yes
739,GENERAL,basinprintcodes.dat,basinprintcodes,pco%wb_reg%y,pco%wb_reg%y,delimited,1,1,basin_print_codes_read,pco%wb_reg%y,y parameter for basin print codes read,no,coefficient,real,0,999,0,yes
740,GENERAL,basinprintcodes.dat,basinprintcodes,pco%wb_reg%a,pco%wb_reg%a,delimited,1,1,basin_print_codes_read,pco%wb_reg%a,a parameter for basin print codes read,no,coefficient,real,0,999,0,yes
741,GENERAL,basinprintcodes.dat,basinprintcodes,pco%nb_reg%d,pco%nb_reg%d,delimited,1,1,basin_print_codes_read,pco%nb_reg%d,d parameter for basin print codes read,no,coefficient,real,0,999,0,yes
742,GENERAL,basinprintcodes.dat,basinprintcodes,pco%nb_reg%m,pco%nb_reg%m,delimited,1,1,basin_print_codes_read,pco%nb_reg%m,m parameter for basin print codes read,no,coefficient,real,0,999,0,yes
743,GENERAL,basinprintcodes.dat,basinprintcodes,pco%nb_reg%y,pco%nb_reg%y,delimited,1,1,basin_print_codes_read,pco%nb_reg%y,y parameter for basin print codes read,no,coefficient,real,0,999,0,yes
744,GENERAL,basinprintcodes.dat,basinprintcodes,pco%nb_reg%a,pco%nb_reg%a,delimited,1,1,basin_print_codes_read,pco%nb_reg%a,a parameter for basin print codes read,no,coefficient,real,0,999,0,yes
745,GENERAL,basinprintcodes.dat,basinprintcodes,pco%ls_reg%d,pco%ls_reg%d,delimited,1,1,basin_print_codes_read,pco%ls_reg%d,d parameter for basin print codes read,no,coefficient,real,0,999,0,yes
746,GENERAL,basinprintcodes.dat,basinprintcodes,pco%ls_reg%m,pco%ls_reg%m,delimited,1,1,basin_print_codes_read,pco%ls_reg%m,m parameter for basin print codes read,no,coefficient,real,0,999,0,yes
747,GENERAL,basinprintcodes.dat,basinprintcodes,pco%ls_reg%y,pco%ls_reg%y,delimited,1,1,basin_print_codes_read,pco%ls_reg%y,y parameter for basin print codes read,no,coefficient,real,0,999,0,yes
748,GENERAL,basinprintcodes.dat,basinprintcodes,pco%ls_reg%a,pco%ls_reg%a,delimited,1,1,basin_print_codes_read,pco%ls_reg%a,a parameter for basin print codes read,no,coefficient,real,0,999,0,yes
749,GENERAL,basinprintcodes.dat,basinprintcodes,pco%pw_reg%d,pco%pw_reg%d,delimited,1,1,basin_print_codes_read,pco%pw_reg%d,d parameter for basin print codes read,no,coefficient,real,0,999,0,yes
750,GENERAL,basinprintcodes.dat,basinprintcodes,pco%pw_reg%m,pco%pw_reg%m,delimited,1,1,basin_print_codes_read,pco%pw_reg%m,m parameter for basin print codes read,no,coefficient,real,0,999,0,yes
751,GENERAL,basinprintcodes.dat,basinprintcodes,pco%pw_reg%y,pco%pw_reg%y,delimited,1,1,basin_print_codes_read,pco%pw_reg%y,y parameter for basin print codes read,no,coefficient,real,0,999,0,yes
752,GENERAL,basinprintcodes.dat,basinprintcodes,pco%pw_reg%a,pco%pw_reg%a,delimited,1,1,basin_print_codes_read,pco%pw_reg%a,a parameter for basin print codes read,no,coefficient,real,0,999,0,yes
753,GENERAL,basinprintcodes.dat,basinprintcodes,pco%aqu_reg%d,pco%aqu_reg%d,delimited,1,1,basin_print_codes_read,pco%aqu_reg%d,d parameter for basin print codes read,no,coefficient,real,0,999,0,yes
754,GENERAL,basinprintcodes.dat,basinprintcodes,pco%aqu_reg%m,pco%aqu_reg%m,delimited,1,1,basin_print_codes_read,pco%aqu_reg%m,m parameter for basin print codes read,no,coefficient,real,0,999,0,yes
755,GENERAL,basinprintcodes.dat,basinprintcodes,pco%aqu_reg%y,pco%aqu_reg%y,delimited,1,1,basin_print_codes_read,pco%aqu_reg%y,y parameter for basin print codes read,no,coefficient,real,0,999,0,yes
756,GENERAL,basinprintcodes.dat,basinprintcodes,pco%aqu_reg%a,pco%aqu_reg%a,delimited,1,1,basin_print_codes_read,pco%aqu_reg%a,a parameter for basin print codes read,no,coefficient,real,0,999,0,yes
757,GENERAL,basinprintcodes.dat,basinprintcodes,pco%res_reg%d,pco%res_reg%d,delimited,1,1,basin_print_codes_read,pco%res_reg%d,d parameter for basin print codes read,no,coefficient,real,0,999,0,yes
758,GENERAL,basinprintcodes.dat,basinprintcodes,pco%res_reg%m,pco%res_reg%m,delimited,1,1,basin_print_codes_read,pco%res_reg%m,m parameter for basin print codes read,no,coefficient,real,0,999,0,yes
759,GENERAL,basinprintcodes.dat,basinprintcodes,pco%res_reg%y,pco%res_reg%y,delimited,1,1,basin_print_codes_read,pco%res_reg%y,y parameter for basin print codes read,no,coefficient,real,0,999,0,yes
760,GENERAL,basinprintcodes.dat,basinprintcodes,pco%res_reg%a,pco%res_reg%a,delimited,1,1,basin_print_codes_read,pco%res_reg%a,a parameter for basin print codes read,no,coefficient,real,0,999,0,yes
761,GENERAL,basinprintcodes.dat,basinprintcodes,pco%sd_chan_reg%d,pco%sd_chan_reg%d,delimited,1,1,basin_print_codes_read,pco%sd_chan_reg%d,d parameter for basin print codes read,no,coefficient,real,0,999,0,yes
762,GENERAL,basinprintcodes.dat,basinprintcodes,pco%sd_chan_reg%m,pco%sd_chan_reg%m,delimited,1,1,basin_print_codes_read,pco%sd_chan_reg%m,m parameter for basin print codes read,no,coefficient,real,0,999,0,yes
763,GENERAL,basinprintcodes.dat,basinprintcodes,pco%sd_chan_reg%y,pco%sd_chan_reg%y,delimited,1,1,basin_print_codes_read,pco%sd_chan_reg%y,y parameter for basin print codes read,no,coefficient,real,0,999,0,yes
764,GENERAL,basinprintcodes.dat,basinprintcodes,pco%sd_chan_reg%a,pco%sd_chan_reg%a,delimited,1,1,basin_print_codes_read,pco%sd_chan_reg%a,a parameter for basin print codes read,no,coefficient,real,0,999,0,yes
765,GENERAL,basinprintcodes.dat,basinprintcodes,pco%recall_reg%d,pco%recall_reg%d,delimited,1,1,basin_print_codes_read,pco%recall_reg%d,d parameter for basin print codes read,no,coefficient,real,0,999,0,yes
766,GENERAL,basinprintcodes.dat,basinprintcodes,pco%recall_reg%m,pco%recall_reg%m,delimited,1,1,basin_print_codes_read,pco%recall_reg%m,m parameter for basin print codes read,no,coefficient,real,0,999,0,yes
767,GENERAL,basinprintcodes.dat,basinprintcodes,pco%recall_reg%y,pco%recall_reg%y,delimited,1,1,basin_print_codes_read,pco%recall_reg%y,y parameter for basin print codes read,no,coefficient,real,0,999,0,yes
768,GENERAL,basinprintcodes.dat,basinprintcodes,pco%recall_reg%a,pco%recall_reg%a,delimited,1,1,basin_print_codes_read,pco%recall_reg%a,a parameter for basin print codes read,no,coefficient,real,0,999,0,yes
769,GENERAL,basinprintcodes.dat,basinprintcodes,pco%water_allo%d,pco%water_allo%d,delimited,1,1,basin_print_codes_read,pco%water_allo%d,d parameter for basin print codes read,no,coefficient,real,0,999,0,yes
770,GENERAL,basinprintcodes.dat,basinprintcodes,pco%water_allo%m,pco%water_allo%m,delimited,1,1,basin_print_codes_read,pco%water_allo%m,m parameter for basin print codes read,no,coefficient,real,0,999,0,yes
771,GENERAL,basinprintcodes.dat,basinprintcodes,pco%water_allo%y,pco%water_allo%y,delimited,1,1,basin_print_codes_read,pco%water_allo%y,y parameter for basin print codes read,no,coefficient,real,0,999,0,yes
772,GENERAL,basinprintcodes.dat,basinprintcodes,pco%water_allo%a,pco%water_allo%a,delimited,1,1,basin_print_codes_read,pco%water_allo%a,a parameter for basin print codes read,no,coefficient,real,0,999,0,yes
773,GENERAL,basinprintcodes.dat,basinprintcodes,pco%wb_lsu%d,pco%wb_lsu%d,delimited,1,1,basin_print_codes_read,pco%wb_lsu%d,d parameter for basin print codes read,no,coefficient,real,0,999,0,yes
774,GENERAL,basinprintcodes.dat,basinprintcodes,pco%wb_lsu%m,pco%wb_lsu%m,delimited,1,1,basin_print_codes_read,pco%wb_lsu%m,m parameter for basin print codes read,no,coefficient,real,0,999,0,yes
775,GENERAL,basinprintcodes.dat,basinprintcodes,pco%wb_lsu%y,pco%wb_lsu%y,delimited,1,1,basin_print_codes_read,pco%wb_lsu%y,y parameter for basin print codes read,no,coefficient,real,0,999,0,yes
776,GENERAL,basinprintcodes.dat,basinprintcodes,pco%wb_lsu%a,pco%wb_lsu%a,delimited,1,1,basin_print_codes_read,pco%wb_lsu%a,a parameter for basin print codes read,no,coefficient,real,0,999,0,yes
777,GENERAL,basinprintcodes.dat,basinprintcodes,pco%nb_lsu%d,pco%nb_lsu%d,delimited,1,1,basin_print_codes_read,pco%nb_lsu%d,d parameter for basin print codes read,no,coefficient,real,0,999,0,yes
778,GENERAL,basinprintcodes.dat,basinprintcodes,pco%nb_lsu%m,pco%nb_lsu%m,delimited,1,1,basin_print_codes_read,pco%nb_lsu%m,m parameter for basin print codes read,no,coefficient,real,0,999,0,yes
779,GENERAL,basinprintcodes.dat,basinprintcodes,pco%nb_lsu%y,pco%nb_lsu%y,delimited,1,1,basin_print_codes_read,pco%nb_lsu%y,y parameter for basin print codes read,no,coefficient,real,0,999,0,yes
780,GENERAL,basinprintcodes.dat,basinprintcodes,pco%nb_lsu%a,pco%nb_lsu%a,delimited,1,1,basin_print_codes_read,pco%nb_lsu%a,a parameter for basin print codes read,no,coefficient,real,0,999,0,yes
781,GENERAL,basinprintcodes.dat,basinprintcodes,pco%ls_lsu%d,pco%ls_lsu%d,delimited,1,1,basin_print_codes_read,pco%ls_lsu%d,d parameter for basin print codes read,no,coefficient,real,0,999,0,yes
782,GENERAL,basinprintcodes.dat,basinprintcodes,pco%ls_lsu%m,pco%ls_lsu%m,delimited,1,1,basin_print_codes_read,pco%ls_lsu%m,m parameter for basin print codes read,no,coefficient,real,0,999,0,yes
783,GENERAL,basinprintcodes.dat,basinprintcodes,pco%ls_lsu%y,pco%ls_lsu%y,delimited,1,1,basin_print_codes_read,pco%ls_lsu%y,y parameter for basin print codes read,no,coefficient,real,0,999,0,yes
784,GENERAL,basinprintcodes.dat,basinprintcodes,pco%ls_lsu%a,pco%ls_lsu%a,delimited,1,1,basin_print_codes_read,pco%ls_lsu%a,a parameter for basin print codes read,no,coefficient,real,0,999,0,yes
785,GENERAL,basinprintcodes.dat,basinprintcodes,pco%pw_lsu%d,pco%pw_lsu%d,delimited,1,1,basin_print_codes_read,pco%pw_lsu%d,d parameter for basin print codes read,no,coefficient,real,0,999,0,yes
786,GENERAL,basinprintcodes.dat,basinprintcodes,pco%pw_lsu%m,pco%pw_lsu%m,delimited,1,1,basin_print_codes_read,pco%pw_lsu%m,m parameter for basin print codes read,no,coefficient,real,0,999,0,yes
787,GENERAL,basinprintcodes.dat,basinprintcodes,pco%pw_lsu%y,pco%pw_lsu%y,delimited,1,1,basin_print_codes_read,pco%pw_lsu%y,y parameter for basin print codes read,no,coefficient,real,0,999,0,yes
788,GENERAL,basinprintcodes.dat,basinprintcodes,pco%pw_lsu%a,pco%pw_lsu%a,delimited,1,1,basin_print_codes_read,pco%pw_lsu%a,a parameter for basin print codes read,no,coefficient,real,0,999,0,yes
789,GENERAL,basinprintcodes.dat,basinprintcodes,pco%wb_hru%d,pco%wb_hru%d,delimited,1,1,basin_print_codes_read,pco%wb_hru%d,d parameter for basin print codes read,no,coefficient,real,0,999,0,yes
790,GENERAL,basinprintcodes.dat,basinprintcodes,pco%wb_hru%m,pco%wb_hru%m,delimited,1,1,basin_print_codes_read,pco%wb_hru%m,m parameter for basin print codes read,no,coefficient,real,0,999,0,yes
791,GENERAL,basinprintcodes.dat,basinprintcodes,pco%wb_hru%y,pco%wb_hru%y,delimited,1,1,basin_print_codes_read,pco%wb_hru%y,y parameter for basin print codes read,no,coefficient,real,0,999,0,yes
792,GENERAL,basinprintcodes.dat,basinprintcodes,pco%wb_hru%a,pco%wb_hru%a,delimited,1,1,basin_print_codes_read,pco%wb_hru%a,a parameter for basin print codes read,no,coefficient,real,0,999,0,yes
793,GENERAL,basinprintcodes.dat,basinprintcodes,pco%nb_hru%d,pco%nb_hru%d,delimited,1,1,basin_print_codes_read,pco%nb_hru%d,d parameter for basin print codes read,no,coefficient,real,0,999,0,yes
794,GENERAL,basinprintcodes.dat,basinprintcodes,pco%nb_hru%m,pco%nb_hru%m,delimited,1,1,basin_print_codes_read,pco%nb_hru%m,m parameter for basin print codes read,no,coefficient,real,0,999,0,yes
795,GENERAL,basinprintcodes.dat,basinprintcodes,pco%nb_hru%y,pco%nb_hru%y,delimited,1,1,basin_print_codes_read,pco%nb_hru%y,y parameter for basin print codes read,no,coefficient,real,0,999,0,yes
796,GENERAL,basinprintcodes.dat,basinprintcodes,pco%nb_hru%a,pco%nb_hru%a,delimited,1,1,basin_print_codes_read,pco%nb_hru%a,a parameter for basin print codes read,no,coefficient,real,0,999,0,yes
797,GENERAL,basinprintcodes.dat,basinprintcodes,pco%ls_hru%d,pco%ls_hru%d,delimited,1,1,basin_print_codes_read,pco%ls_hru%d,d parameter for basin print codes read,no,coefficient,real,0,999,0,yes
798,GENERAL,basinprintcodes.dat,basinprintcodes,pco%ls_hru%m,pco%ls_hru%m,delimited,1,1,basin_print_codes_read,pco%ls_hru%m,m parameter for basin print codes read,no,coefficient,real,0,999,0,yes
799,GENERAL,basinprintcodes.dat,basinprintcodes,pco%ls_hru%y,pco%ls_hru%y,delimited,1,1,basin_print_codes_read,pco%ls_hru%y,y parameter for basin print codes read,no,coefficient,real,0,999,0,yes
800,GENERAL,basinprintcodes.dat,basinprintcodes,pco%ls_hru%a,pco%ls_hru%a,delimited,1,1,basin_print_codes_read,pco%ls_hru%a,a parameter for basin print codes read,no,coefficient,real,0,999,0,yes
801,GENERAL,basinprintcodes.dat,basinprintcodes,pco%pw_hru%d,pco%pw_hru%d,delimited,1,1,basin_print_codes_read,pco%pw_hru%d,d parameter for basin print codes read,no,coefficient,real,0,999,0,yes
802,GENERAL,basinprintcodes.dat,basinprintcodes,pco%pw_hru%m,pco%pw_hru%m,delimited,1,1,basin_print_codes_read,pco%pw_hru%m,m parameter for basin print codes read,no,coefficient,real,0,999,0,yes
803,GENERAL,basinprintcodes.dat,basinprintcodes,pco%pw_hru%y,pco%pw_hru%y,delimited,1,1,basin_print_codes_read,pco%pw_hru%y,y parameter for basin print codes read,no,coefficient,real,0,999,0,yes
804,GENERAL,basinprintcodes.dat,basinprintcodes,pco%pw_hru%a,pco%pw_hru%a,delimited,1,1,basin_print_codes_read,pco%pw_hru%a,a parameter for basin print codes read,no,coefficient,real,0,999,0,yes
805,GENERAL,basinprintcodes.dat,basinprintcodes,pco%wb_sd%d,pco%wb_sd%d,delimited,1,1,basin_print_codes_read,pco%wb_sd%d,d parameter for basin print codes read,no,coefficient,real,0,999,0,yes
806,GENERAL,basinprintcodes.dat,basinprintcodes,pco%wb_sd%m,pco%wb_sd%m,delimited,1,1,basin_print_codes_read,pco%wb_sd%m,m parameter for basin print codes read,no,coefficient,real,0,999,0,yes
807,GENERAL,basinprintcodes.dat,basinprintcodes,pco%wb_sd%y,pco%wb_sd%y,delimited,1,1,basin_print_codes_read,pco%wb_sd%y,y parameter for basin print codes read,no,coefficient,real,0,999,0,yes
808,GENERAL,basinprintcodes.dat,basinprintcodes,pco%wb_sd%a,pco%wb_sd%a,delimited,1,1,basin_print_codes_read,pco%wb_sd%a,a parameter for basin print codes read,no,coefficient,real,0,999,0,yes
809,GENERAL,basinprintcodes.dat,basinprintcodes,pco%nb_sd%d,pco%nb_sd%d,delimited,1,1,basin_print_codes_read,pco%nb_sd%d,d parameter for basin print codes read,no,coefficient,real,0,999,0,yes
810,GENERAL,basinprintcodes.dat,basinprintcodes,pco%nb_sd%m,pco%nb_sd%m,delimited,1,1,basin_print_codes_read,pco%nb_sd%m,m parameter for basin print codes read,no,coefficient,real,0,999,0,yes
811,GENERAL,basinprintcodes.dat,basinprintcodes,pco%nb_sd%y,pco%nb_sd%y,delimited,1,1,basin_print_codes_read,pco%nb_sd%y,y parameter for basin print codes read,no,coefficient,real,0,999,0,yes
812,GENERAL,basinprintcodes.dat,basinprintcodes,pco%nb_sd%a,pco%nb_sd%a,delimited,1,1,basin_print_codes_read,pco%nb_sd%a,a parameter for basin print codes read,no,coefficient,real,0,999,0,yes
813,GENERAL,basinprintcodes.dat,basinprintcodes,pco%ls_sd%d,pco%ls_sd%d,delimited,1,1,basin_print_codes_read,pco%ls_sd%d,d parameter for basin print codes read,no,coefficient,real,0,999,0,yes
814,GENERAL,basinprintcodes.dat,basinprintcodes,pco%ls_sd%m,pco%ls_sd%m,delimited,1,1,basin_print_codes_read,pco%ls_sd%m,m parameter for basin print codes read,no,coefficient,real,0,999,0,yes
815,GENERAL,basinprintcodes.dat,basinprintcodes,pco%ls_sd%y,pco%ls_sd%y,delimited,1,1,basin_print_codes_read,pco%ls_sd%y,y parameter for basin print codes read,no,coefficient,real,0,999,0,yes
816,GENERAL,basinprintcodes.dat,basinprintcodes,pco%ls_sd%a,pco%ls_sd%a,delimited,1,1,basin_print_codes_read,pco%ls_sd%a,a parameter for basin print codes read,no,coefficient,real,0,999,0,yes
817,GENERAL,basinprintcodes.dat,basinprintcodes,pco%pw_sd%d,pco%pw_sd%d,delimited,1,1,basin_print_codes_read,pco%pw_sd%d,d parameter for basin print codes read,no,coefficient,real,0,999,0,yes
818,GENERAL,basinprintcodes.dat,basinprintcodes,pco%pw_sd%m,pco%pw_sd%m,delimited,1,1,basin_print_codes_read,pco%pw_sd%m,m parameter for basin print codes read,no,coefficient,real,0,999,0,yes
819,GENERAL,basinprintcodes.dat,basinprintcodes,pco%pw_sd%y,pco%pw_sd%y,delimited,1,1,basin_print_codes_read,pco%pw_sd%y,y parameter for basin print codes read,no,coefficient,real,0,999,0,yes
820,GENERAL,basinprintcodes.dat,basinprintcodes,pco%pw_sd%a,pco%pw_sd%a,delimited,1,1,basin_print_codes_read,pco%pw_sd%a,a parameter for basin print codes read,no,coefficient,real,0,999,0,yes
821,GENERAL,basinprintcodes.dat,basinprintcodes,pco%chan%d,pco%chan%d,delimited,1,1,basin_print_codes_read,pco%chan%d,d parameter for basin print codes read,no,coefficient,real,0,999,0,yes
822,GENERAL,basinprintcodes.dat,basinprintcodes,pco%chan%m,pco%chan%m,delimited,1,1,basin_print_codes_read,pco%chan%m,m parameter for basin print codes read,no,coefficient,real,0,999,0,yes
823,GENERAL,basinprintcodes.dat,basinprintcodes,pco%chan%y,pco%chan%y,delimited,1,1,basin_print_codes_read,pco%chan%y,y parameter for basin print codes read,no,coefficient,real,0,999,0,yes
824,GENERAL,basinprintcodes.dat,basinprintcodes,pco%chan%a,pco%chan%a,delimited,1,1,basin_print_codes_read,pco%chan%a,a parameter for basin print codes read,no,coefficient,real,0,999,0,yes
825,GENERAL,basinprintcodes.dat,basinprintcodes,pco%sd_chan%d,pco%sd_chan%d,delimited,1,1,basin_print_codes_read,pco%sd_chan%d,d parameter for basin print codes read,no,coefficient,real,0,999,0,yes
826,GENERAL,basinprintcodes.dat,basinprintcodes,pco%sd_chan%m,pco%sd_chan%m,delimited,1,1,basin_print_codes_read,pco%sd_chan%m,m parameter for basin print codes read,no,coefficient,real,0,999,0,yes
827,GENERAL,basinprintcodes.dat,basinprintcodes,pco%sd_chan%y,pco%sd_chan%y,delimited,1,1,basin_print_codes_read,pco%sd_chan%y,y parameter for basin print codes read,no,coefficient,real,0,999,0,yes
828,GENERAL,basinprintcodes.dat,basinprintcodes,pco%sd_chan%a,pco%sd_chan%a,delimited,1,1,basin_print_codes_read,pco%sd_chan%a,a parameter for basin print codes read,no,coefficient,real,0,999,0,yes
829,GENERAL,basinprintcodes.dat,basinprintcodes,pco%aqu%d,pco%aqu%d,delimited,1,1,basin_print_codes_read,pco%aqu%d,d parameter for basin print codes read,no,coefficient,real,0,999,0,yes
830,GENERAL,basinprintcodes.dat,basinprintcodes,pco%aqu%m,pco%aqu%m,delimited,1,1,basin_print_codes_read,pco%aqu%m,m parameter for basin print codes read,no,coefficient,real,0,999,0,yes
831,GENERAL,basinprintcodes.dat,basinprintcodes,pco%aqu%y,pco%aqu%y,delimited,1,1,basin_print_codes_read,pco%aqu%y,y parameter for basin print codes read,no,coefficient,real,0,999,0,yes
832,GENERAL,basinprintcodes.dat,basinprintcodes,pco%aqu%a,pco%aqu%a,delimited,1,1,basin_print_codes_read,pco%aqu%a,a parameter for basin print codes read,no,coefficient,real,0,999,0,yes
833,GENERAL,basinprintcodes.dat,basinprintcodes,pco%res%d,pco%res%d,delimited,1,1,basin_print_codes_read,pco%res%d,d parameter for basin print codes read,no,coefficient,real,0,999,0,yes
834,GENERAL,basinprintcodes.dat,basinprintcodes,pco%res%m,pco%res%m,delimited,1,1,basin_print_codes_read,pco%res%m,m parameter for basin print codes read,no,coefficient,real,0,999,0,yes
835,GENERAL,basinprintcodes.dat,basinprintcodes,pco%res%y,pco%res%y,delimited,1,1,basin_print_codes_read,pco%res%y,y parameter for basin print codes read,no,coefficient,real,0,999,0,yes
836,GENERAL,basinprintcodes.dat,basinprintcodes,pco%res%a,pco%res%a,delimited,1,1,basin_print_codes_read,pco%res%a,a parameter for basin print codes read,no,coefficient,real,0,999,0,yes
837,GENERAL,basinprintcodes.dat,basinprintcodes,pco%recall%d,pco%recall%d,delimited,1,1,basin_print_codes_read,pco%recall%d,d parameter for basin print codes read,no,coefficient,real,0,999,0,yes
838,GENERAL,basinprintcodes.dat,basinprintcodes,pco%recall%m,pco%recall%m,delimited,1,1,basin_print_codes_read,pco%recall%m,m parameter for basin print codes read,no,coefficient,real,0,999,0,yes
839,GENERAL,basinprintcodes.dat,basinprintcodes,pco%recall%y,pco%recall%y,delimited,1,1,basin_print_codes_read,pco%recall%y,y parameter for basin print codes read,no,coefficient,real,0,999,0,yes
840,GENERAL,basinprintcodes.dat,basinprintcodes,pco%recall%a,pco%recall%a,delimited,1,1,basin_print_codes_read,pco%recall%a,a parameter for basin print codes read,no,coefficient,real,0,999,0,yes
841,GENERAL,basinprintcodes.dat,basinprintcodes,pco%hyd%d,pco%hyd%d,delimited,1,1,basin_print_codes_read,pco%hyd%d,d parameter for basin print codes read,no,coefficient,real,0,999,0,yes
842,GENERAL,basinprintcodes.dat,basinprintcodes,pco%hyd%m,pco%hyd%m,delimited,1,1,basin_print_codes_read,pco%hyd%m,m parameter for basin print codes read,no,coefficient,real,0,999,0,yes
843,GENERAL,basinprintcodes.dat,basinprintcodes,pco%hyd%y,pco%hyd%y,delimited,1,1,basin_print_codes_read,pco%hyd%y,y parameter for basin print codes read,no,coefficient,real,0,999,0,yes
844,GENERAL,basinprintcodes.dat,basinprintcodes,pco%hyd%a,pco%hyd%a,delimited,1,1,basin_print_codes_read,pco%hyd%a,a parameter for basin print codes read,no,coefficient,real,0,999,0,yes
845,GENERAL,basinprintcodes.dat,basinprintcodes,pco%ru%d,pco%ru%d,delimited,1,1,basin_print_codes_read,pco%ru%d,d parameter for basin print codes read,no,coefficient,real,0,999,0,yes
846,GENERAL,basinprintcodes.dat,basinprintcodes,pco%ru%m,pco%ru%m,delimited,1,1,basin_print_codes_read,pco%ru%m,m parameter for basin print codes read,no,coefficient,real,0,999,0,yes
847,GENERAL,basinprintcodes.dat,basinprintcodes,pco%ru%y,pco%ru%y,delimited,1,1,basin_print_codes_read,pco%ru%y,y parameter for basin print codes read,no,coefficient,real,0,999,0,yes
848,GENERAL,basinprintcodes.dat,basinprintcodes,pco%ru%a,pco%ru%a,delimited,1,1,basin_print_codes_read,pco%ru%a,a parameter for basin print codes read,no,coefficient,real,0,999,0,yes
849,GENERAL,basinprintcodes.dat,basinprintcodes,pco%pest%d,pco%pest%d,delimited,1,1,basin_print_codes_read,pco%pest%d,d parameter for basin print codes read,no,coefficient,real,0,999,0,yes
850,GENERAL,basinprintcodes.dat,basinprintcodes,pco%pest%m,pco%pest%m,delimited,1,1,basin_print_codes_read,pco%pest%m,m parameter for basin print codes read,no,coefficient,real,0,999,0,yes
851,GENERAL,basinprintcodes.dat,basinprintcodes,pco%pest%y,pco%pest%y,delimited,1,1,basin_print_codes_read,pco%pest%y,y parameter for basin print codes read,no,coefficient,real,0,999,0,yes
852,GENERAL,basinprintcodes.dat,basinprintcodes,pco%pest%a,pco%pest%a,delimited,1,1,basin_print_codes_read,pco%pest%a,a parameter for basin print codes read,no,coefficient,real,0,999,0,yes
853,GENERAL,basinprintcodes.dat,basinprintcodes,pco%salt_basin%d,pco%salt_basin%d,delimited,1,1,basin_print_codes_read,pco%salt_basin%d,d parameter for basin print codes read,no,coefficient,real,0,999,0,yes
854,GENERAL,basinprintcodes.dat,basinprintcodes,pco%salt_basin%m,pco%salt_basin%m,delimited,1,1,basin_print_codes_read,pco%salt_basin%m,m parameter for basin print codes read,no,coefficient,real,0,999,0,yes
855,GENERAL,basinprintcodes.dat,basinprintcodes,pco%salt_basin%y,pco%salt_basin%y,delimited,1,1,basin_print_codes_read,pco%salt_basin%y,y parameter for basin print codes read,no,coefficient,real,0,999,0,yes
856,GENERAL,basinprintcodes.dat,basinprintcodes,pco%salt_basin%a,pco%salt_basin%a,delimited,1,1,basin_print_codes_read,pco%salt_basin%a,a parameter for basin print codes read,no,coefficient,real,0,999,0,yes
857,GENERAL,basinprintcodes.dat,basinprintcodes,pco%salt_hru%d,pco%salt_hru%d,delimited,1,1,basin_print_codes_read,pco%salt_hru%d,d parameter for basin print codes read,no,coefficient,real,0,999,0,yes
858,GENERAL,basinprintcodes.dat,basinprintcodes,pco%salt_hru%m,pco%salt_hru%m,delimited,1,1,basin_print_codes_read,pco%salt_hru%m,m parameter for basin print codes read,no,coefficient,real,0,999,0,yes
859,GENERAL,basinprintcodes.dat,basinprintcodes,pco%salt_hru%y,pco%salt_hru%y,delimited,1,1,basin_print_codes_read,pco%salt_hru%y,y parameter for basin print codes read,no,coefficient,real,0,999,0,yes
860,GENERAL,basinprintcodes.dat,basinprintcodes,pco%salt_hru%a,pco%salt_hru%a,delimited,1,1,basin_print_codes_read,pco%salt_hru%a,a parameter for basin print codes read,no,coefficient,real,0,999,0,yes
861,GENERAL,basinprintcodes.dat,basinprintcodes,pco%salt_ru%d,pco%salt_ru%d,delimited,1,1,basin_print_codes_read,pco%salt_ru%d,d parameter for basin print codes read,no,coefficient,real,0,999,0,yes
862,GENERAL,basinprintcodes.dat,basinprintcodes,pco%salt_ru%m,pco%salt_ru%m,delimited,1,1,basin_print_codes_read,pco%salt_ru%m,m parameter for basin print codes read,no,coefficient,real,0,999,0,yes
863,GENERAL,basinprintcodes.dat,basinprintcodes,pco%salt_ru%y,pco%salt_ru%y,delimited,1,1,basin_print_codes_read,pco%salt_ru%y,y parameter for basin print codes read,no,coefficient,real,0,999,0,yes
864,GENERAL,basinprintcodes.dat,basinprintcodes,pco%salt_ru%a,pco%salt_ru%a,delimited,1,1,basin_print_codes_read,pco%salt_ru%a,a parameter for basin print codes read,no,coefficient,real,0,999,0,yes
865,GENERAL,basinprintcodes.dat,basinprintcodes,pco%salt_aqu%d,pco%salt_aqu%d,delimited,1,1,basin_print_codes_read,pco%salt_aqu%d,d parameter for basin print codes read,no,coefficient,real,0,999,0,yes
866,GENERAL,basinprintcodes.dat,basinprintcodes,pco%salt_aqu%m,pco%salt_aqu%m,delimited,1,1,basin_print_codes_read,pco%salt_aqu%m,m parameter for basin print codes read,no,coefficient,real,0,999,0,yes
867,GENERAL,basinprintcodes.dat,basinprintcodes,pco%salt_aqu%y,pco%salt_aqu%y,delimited,1,1,basin_print_codes_read,pco%salt_aqu%y,y parameter for basin print codes read,no,coefficient,real,0,999,0,yes
868,GENERAL,basinprintcodes.dat,basinprintcodes,pco%salt_aqu%a,pco%salt_aqu%a,delimited,1,1,basin_print_codes_read,pco%salt_aqu%a,a parameter for basin print codes read,no,coefficient,real,0,999,0,yes
869,GENERAL,basinprintcodes.dat,basinprintcodes,pco%salt_chn%d,pco%salt_chn%d,delimited,1,1,basin_print_codes_read,pco%salt_chn%d,d parameter for basin print codes read,no,coefficient,real,0,999,0,yes
870,GENERAL,basinprintcodes.dat,basinprintcodes,pco%salt_chn%m,pco%salt_chn%m,delimited,1,1,basin_print_codes_read,pco%salt_chn%m,m parameter for basin print codes read,no,coefficient,real,0,999,0,yes
871,GENERAL,basinprintcodes.dat,basinprintcodes,pco%salt_chn%y,pco%salt_chn%y,delimited,1,1,basin_print_codes_read,pco%salt_chn%y,y parameter for basin print codes read,no,coefficient,real,0,999,0,yes
872,GENERAL,basinprintcodes.dat,basinprintcodes,pco%salt_chn%a,pco%salt_chn%a,delimited,1,1,basin_print_codes_read,pco%salt_chn%a,a parameter for basin print codes read,no,coefficient,real,0,999,0,yes
873,GENERAL,basinprintcodes.dat,basinprintcodes,pco%salt_res%d,pco%salt_res%d,delimited,1,1,basin_print_codes_read,pco%salt_res%d,d parameter for basin print codes read,no,coefficient,real,0,999,0,yes
874,GENERAL,basinprintcodes.dat,basinprintcodes,pco%salt_res%m,pco%salt_res%m,delimited,1,1,basin_print_codes_read,pco%salt_res%m,m parameter for basin print codes read,no,coefficient,real,0,999,0,yes
875,GENERAL,basinprintcodes.dat,basinprintcodes,pco%salt_res%y,pco%salt_res%y,delimited,1,1,basin_print_codes_read,pco%salt_res%y,y parameter for basin print codes read,no,coefficient,real,0,999,0,yes
876,GENERAL,basinprintcodes.dat,basinprintcodes,pco%salt_res%a,pco%salt_res%a,delimited,1,1,basin_print_codes_read,pco%salt_res%a,a parameter for basin print codes read,no,coefficient,real,0,999,0,yes
877,GENERAL,basinprintcodes.dat,basinprintcodes,pco%salt_wet%d,pco%salt_wet%d,delimited,1,1,basin_print_codes_read,pco%salt_wet%d,d parameter for basin print codes read,no,coefficient,real,0,999,0,yes
878,GENERAL,basinprintcodes.dat,basinprintcodes,pco%salt_wet%m,pco%salt_wet%m,delimited,1,1,basin_print_codes_read,pco%salt_wet%m,m parameter for basin print codes read,no,coefficient,real,0,999,0,yes
879,GENERAL,basinprintcodes.dat,basinprintcodes,pco%salt_wet%y,pco%salt_wet%y,delimited,1,1,basin_print_codes_read,pco%salt_wet%y,y parameter for basin print codes read,no,coefficient,real,0,999,0,yes
880,GENERAL,basinprintcodes.dat,basinprintcodes,pco%salt_wet%a,pco%salt_wet%a,delimited,1,1,basin_print_codes_read,pco%salt_wet%a,a parameter for basin print codes read,no,coefficient,real,0,999,0,yes
881,GENERAL,basinprintcodes.dat,basinprintcodes,pco%cs_basin%d,pco%cs_basin%d,delimited,1,1,basin_print_codes_read,pco%cs_basin%d,d parameter for basin print codes read,no,coefficient,real,0,999,0,yes
882,GENERAL,basinprintcodes.dat,basinprintcodes,pco%cs_basin%m,pco%cs_basin%m,delimited,1,1,basin_print_codes_read,pco%cs_basin%m,m parameter for basin print codes read,no,coefficient,real,0,999,0,yes
883,GENERAL,basinprintcodes.dat,basinprintcodes,pco%cs_basin%y,pco%cs_basin%y,delimited,1,1,basin_print_codes_read,pco%cs_basin%y,y parameter for basin print codes read,no,coefficient,real,0,999,0,yes
884,GENERAL,basinprintcodes.dat,basinprintcodes,pco%cs_basin%a,pco%cs_basin%a,delimited,1,1,basin_print_codes_read,pco%cs_basin%a,a parameter for basin print codes read,no,coefficient,real,0,999,0,yes
885,GENERAL,basinprintcodes.dat,basinprintcodes,pco%cs_hru%d,pco%cs_hru%d,delimited,1,1,basin_print_codes_read,pco%cs_hru%d,d parameter for basin print codes read,no,coefficient,real,0,999,0,yes
886,GENERAL,basinprintcodes.dat,basinprintcodes,pco%cs_hru%m,pco%cs_hru%m,delimited,1,1,basin_print_codes_read,pco%cs_hru%m,m parameter for basin print codes read,no,coefficient,real,0,999,0,yes
887,GENERAL,basinprintcodes.dat,basinprintcodes,pco%cs_hru%y,pco%cs_hru%y,delimited,1,1,basin_print_codes_read,pco%cs_hru%y,y parameter for basin print codes read,no,coefficient,real,0,999,0,yes
888,GENERAL,basinprintcodes.dat,basinprintcodes,pco%cs_hru%a,pco%cs_hru%a,delimited,1,1,basin_print_codes_read,pco%cs_hru%a,a parameter for basin print codes read,no,coefficient,real,0,999,0,yes
889,GENERAL,basinprintcodes.dat,basinprintcodes,pco%cs_ru%d,pco%cs_ru%d,delimited,1,1,basin_print_codes_read,pco%cs_ru%d,d parameter for basin print codes read,no,coefficient,real,0,999,0,yes
890,GENERAL,basinprintcodes.dat,basinprintcodes,pco%cs_ru%m,pco%cs_ru%m,delimited,1,1,basin_print_codes_read,pco%cs_ru%m,m parameter for basin print codes read,no,coefficient,real,0,999,0,yes
891,GENERAL,basinprintcodes.dat,basinprintcodes,pco%cs_ru%y,pco%cs_ru%y,delimited,1,1,basin_print_codes_read,pco%cs_ru%y,y parameter for basin print codes read,no,coefficient,real,0,999,0,yes
892,GENERAL,basinprintcodes.dat,basinprintcodes,pco%cs_ru%a,pco%cs_ru%a,delimited,1,1,basin_print_codes_read,pco%cs_ru%a,a parameter for basin print codes read,no,coefficient,real,0,999,0,yes
893,GENERAL,basinprintcodes.dat,basinprintcodes,pco%cs_aqu%d,pco%cs_aqu%d,delimited,1,1,basin_print_codes_read,pco%cs_aqu%d,d parameter for basin print codes read,no,coefficient,real,0,999,0,yes
894,GENERAL,basinprintcodes.dat,basinprintcodes,pco%cs_aqu%m,pco%cs_aqu%m,delimited,1,1,basin_print_codes_read,pco%cs_aqu%m,m parameter for basin print codes read,no,coefficient,real,0,999,0,yes
895,GENERAL,basinprintcodes.dat,basinprintcodes,pco%cs_aqu%y,pco%cs_aqu%y,delimited,1,1,basin_print_codes_read,pco%cs_aqu%y,y parameter for basin print codes read,no,coefficient,real,0,999,0,yes
896,GENERAL,basinprintcodes.dat,basinprintcodes,pco%cs_aqu%a,pco%cs_aqu%a,delimited,1,1,basin_print_codes_read,pco%cs_aqu%a,a parameter for basin print codes read,no,coefficient,real,0,999,0,yes
897,GENERAL,basinprintcodes.dat,basinprintcodes,pco%cs_chn%d,pco%cs_chn%d,delimited,1,1,basin_print_codes_read,pco%cs_chn%d,d parameter for basin print codes read,no,coefficient,real,0,999,0,yes
898,GENERAL,basinprintcodes.dat,basinprintcodes,pco%cs_chn%m,pco%cs_chn%m,delimited,1,1,basin_print_codes_read,pco%cs_chn%m,m parameter for basin print codes read,no,coefficient,real,0,999,0,yes
899,GENERAL,basinprintcodes.dat,basinprintcodes,pco%cs_chn%y,pco%cs_chn%y,delimited,1,1,basin_print_codes_read,pco%cs_chn%y,y parameter for basin print codes read,no,coefficient,real,0,999,0,yes
900,GENERAL,basinprintcodes.dat,basinprintcodes,pco%cs_chn%a,pco%cs_chn%a,delimited,1,1,basin_print_codes_read,pco%cs_chn%a,a parameter for basin print codes read,no,coefficient,real,0,999,0,yes
901,GENERAL,basinprintcodes.dat,basinprintcodes,pco%cs_res%d,pco%cs_res%d,delimited,1,1,basin_print_codes_read,pco%cs_res%d,d parameter for basin print codes read,no,coefficient,real,0,999,0,yes
902,GENERAL,basinprintcodes.dat,basinprintcodes,pco%cs_res%m,pco%cs_res%m,delimited,1,1,basin_print_codes_read,pco%cs_res%m,m parameter for basin print codes read,no,coefficient,real,0,999,0,yes
903,GENERAL,basinprintcodes.dat,basinprintcodes,pco%cs_res%y,pco%cs_res%y,delimited,1,1,basin_print_codes_read,pco%cs_res%y,y parameter for basin print codes read,no,coefficient,real,0,999,0,yes
904,GENERAL,basinprintcodes.dat,basinprintcodes,pco%cs_res%a,pco%cs_res%a,delimited,1,1,basin_print_codes_read,pco%cs_res%a,a parameter for basin print codes read,no,coefficient,real,0,999,0,yes
905,GENERAL,basinprintcodes.dat,basinprintcodes,pco%cs_wet%d,pco%cs_wet%d,delimited,1,1,basin_print_codes_read,pco%cs_wet%d,d parameter for basin print codes read,no,coefficient,real,0,999,0,yes
906,GENERAL,basinprintcodes.dat,basinprintcodes,pco%cs_wet%m,pco%cs_wet%m,delimited,1,1,basin_print_codes_read,pco%cs_wet%m,m parameter for basin print codes read,no,coefficient,real,0,999,0,yes
907,GENERAL,basinprintcodes.dat,basinprintcodes,pco%cs_wet%y,pco%cs_wet%y,delimited,1,1,basin_print_codes_read,pco%cs_wet%y,y parameter for basin print codes read,no,coefficient,real,0,999,0,yes
908,GENERAL,basinprintcodes.dat,basinprintcodes,pco%cs_wet%a,pco%cs_wet%a,delimited,1,1,basin_print_codes_read,pco%cs_wet%a,a parameter for basin print codes read,no,coefficient,real,0,999,0,yes
909,GENERAL,basinprintcodes.dat,basinprintcodes,pco%cb_hru%d,pco%cb_hru%d,delimited,1,1,basin_print_codes_read,pco%cb_hru%d,d parameter for basin print codes read,no,coefficient,real,0,999,0,yes
910,GENERAL,basinprintcodes.dat,basinprintcodes,pco%cb_hru%m,pco%cb_hru%m,delimited,1,1,basin_print_codes_read,pco%cb_hru%m,m parameter for basin print codes read,no,coefficient,real,0,999,0,yes
911,GENERAL,basinprintcodes.dat,basinprintcodes,pco%cb_hru%y,pco%cb_hru%y,delimited,1,1,basin_print_codes_read,pco%cb_hru%y,y parameter for basin print codes read,no,coefficient,real,0,999,0,yes
912,GENERAL,basinprintcodes.dat,basinprintcodes,pco%cb_hru%a,pco%cb_hru%a,delimited,1,1,basin_print_codes_read,pco%cb_hru%a,a parameter for basin print codes read,no,coefficient,real,0,999,0,yes
913,GENERAL,basinprintcodes.dat,basinprintcodes,pco%cb_vars_hru%d,pco%cb_vars_hru%d,delimited,1,1,basin_print_codes_read,pco%cb_vars_hru%d,d parameter for basin print codes read,no,coefficient,real,0,999,0,yes
914,GENERAL,basinprintcodes.dat,basinprintcodes,pco%cb_vars_hru%m,pco%cb_vars_hru%m,delimited,1,1,basin_print_codes_read,pco%cb_vars_hru%m,m parameter for basin print codes read,no,coefficient,real,0,999,0,yes
915,GENERAL,basinprintcodes.dat,basinprintcodes,pco%cb_vars_hru%y,pco%cb_vars_hru%y,delimited,1,1,basin_print_codes_read,pco%cb_vars_hru%y,y parameter for basin print codes read,no,coefficient,real,0,999,0,yes
916,GENERAL,basinprintcodes.dat,basinprintcodes,pco%cb_vars_hru%a,pco%cb_vars_hru%a,delimited,1,1,basin_print_codes_read,pco%cb_vars_hru%a,a parameter for basin print codes read,no,coefficient,real,0,999,0,yes
917,GENERAL,recall.dat,recall,jday,jday,delimited,1,1,recall_read,jday,Day for recall read,no,none,real,0,999,0,yes
918,GENERAL,recall.dat,recall,mo,mo,delimited,1,1,recall_read,mo,Month for recall read,no,none,real,0,999,0,yes
919,GENERAL,recall.dat,recall,day_mo,day_mo,delimited,1,1,recall_read,day_mo,Month for recall read,no,none,real,0,999,0,yes
920,GENERAL,recall.dat,recall,iyr,iyr,delimited,1,1,recall_read,iyr,Year for recall read,no,none,real,0,999,0,yes
921,GENERAL,recall.dat,recall,jday1,jday1,delimited,1,1,recall_read,jday1,Day for recall read,no,none,real,0,999,0,yes
922,GENERAL,recall.dat,recall,mo1,mo1,delimited,1,1,recall_read,mo1,Month for recall read,no,none,real,0,999,0,yes
923,GENERAL,recall.dat,recall,ob_typ,ob_typ,delimited,1,1,recall_read,ob_typ,ob_typ parameter for recall read,no,none,real,0,999,0,yes
924,GENERAL,recall.dat,recall,ob_name,ob_name,delimited,1,1,recall_read,ob_name,Name or label for recall read,no,none,string,0,999,default,yes
925,GENERAL,recall.dat,recall,"recall(i)%hd(jday1,iyrs)","recall(i)%hd(jday1,iyrs)",delimited,1,1,recall_read,"recall(i)%hd(jday1,iyrs)",Year for recall read,no,none,real,0,999,0,yes
926,GENERAL,recall.dat,recall,"recall(i)%hd(mo1,iyrs)","recall(i)%hd(mo1,iyrs)",delimited,1,1,recall_read,"recall(i)%hd(mo1,iyrs)",Year for recall read,no,none,real,0,999,0,yes
927,GENERAL,recall.dat,recall,ht1,ht1,delimited,1,1,recall_read,ht1,ht1 parameter for recall read,no,none,real,0,999,0,yes
928,GENERAL,recall.dat,recall,istep,istep,delimited,1,1,recall_read,istep,istep parameter for recall read,no,none,real,0,999,0,yes
929,GENERAL,recall.dat,recall,"recall(i)%hd(istep,iyrs)","recall(i)%hd(istep,iyrs)",delimited,1,1,recall_read,"recall(i)%hd(istep,iyrs)",Year for recall read,no,none,real,0,999,0,yes
930,GENERAL,recall.dat,recall,k,k,delimited,1,1,recall_read,k,Hydraulic conductivity for recall read,no,none,real,0,999,0,yes
931,GENERAL,recall.dat,recall,recall(i)%name,recall(i)%name,delimited,1,1,recall_read,recall(i)%name,Name or label for recall read,no,none,string,0,999,default,yes
932,GENERAL,recall.dat,recall,recall(i)%typ,recall(i)%typ,delimited,1,1,recall_read,recall(i)%typ,typ parameter for recall read,no,none,real,0,999,0,yes
933,GENERAL,recall.dat,recall,recall(i)%filename,recall(i)%filename,delimited,1,1,recall_read,recall(i)%filename,Name or label for recall read,no,m,string,0,999,default,yes
934,GENERAL,recall.dat,recall,rec_pest(i)%name,rec_pest(i)%name,delimited,1,1,recall_read,rec_pest(i)%name,Name or label for recall read,no,none,string,0,999,default,yes
935,GENERAL,recall.dat,recall,rec_pest(i)%typ,rec_pest(i)%typ,delimited,1,1,recall_read,rec_pest(i)%typ,typ parameter for recall read,no,none,real,0,999,0,yes
936,GENERAL,recall.dat,recall,rec_pest(i)%filename,rec_pest(i)%filename,delimited,1,1,recall_read,rec_pest(i)%filename,Name or label for recall read,no,m,string,0,999,default,yes
937,GENERAL,landuse.dat,landuse,lum(ilu),lum(ilu),delimited,1,1,landuse_read,lum(ilu),lum(ilu) parameter for landuse read,no,none,real,0,999,0,yes
938,GENERAL,saltaqu.dat,saltaqu,salt_aqu_ini(isalt)%name,salt_aqu_ini(isalt)%name,delimited,1,1,salt_aqu_read,salt_aqu_ini(isalt)%name,Name or label for salt aqu read,no,none,string,0,999,default,yes
939,GENERAL,saltaqu.dat,saltaqu,salt_aqu_ini(isalt)%conc,salt_aqu_ini(isalt)%conc,delimited,1,1,salt_aqu_read,salt_aqu_ini(isalt)%conc,Coefficient for salt aqu read,no,coefficient,real,0,999,0,yes
940,GENERAL,saltaqu.dat,saltaqu,salt_aqu_ini(isalt)%frac,salt_aqu_ini(isalt)%frac,delimited,1,1,salt_aqu_read,salt_aqu_ini(isalt)%frac,Fraction or ratio for salt aqu read,no,fraction,real,0,1,0.5,yes
941,GENERAL,excodb.dat,excodb,exco_db(ii),exco_db(ii),delimited,1,1,exco_db_read,exco_db(ii),Coefficient for exco db read,no,coefficient,real,0,999,0,yes
942,GENERAL,mgtpuddle.dat,mgtpuddle,pudl_db(ic),pudl_db(ic),delimited,1,1,mgt_read_puddle,pudl_db(ic),pudl_db(ic) parameter for mgt read puddle,no,none,real,0,999,0,yes
943,GENERAL,saltroadsalt.dat,saltroadsalt,salt_ion,salt_ion,delimited,1,1,salt_roadsalt_read,salt_ion,salt_ion parameter for salt roadsalt read,no,none,real,0,999,0,yes
944,GENERAL,saltroadsalt.dat,saltroadsalt,rdapp_salt(iadep)%salt(isalt)%road,rdapp_salt(iadep)%salt(isalt)%road,delimited,1,1,salt_roadsalt_read,rdapp_salt(iadep)%salt(isalt)%road,road parameter for salt roadsalt read,no,none,real,0,999,0,yes
945,GENERAL,saltroadsalt.dat,saltroadsalt,"rdapp_salt(iadep)%salt(isalt)%roadmo(imo),imo=1,atmodep_cont%num","rdapp_salt(iadep)%salt(isalt)%roadmo(imo),imo=1,atmodep_cont%num",delimited,1,1,salt_roadsalt_read,"rdapp_salt(iadep)%salt(isalt)%roadmo(imo),imo=1,atmodep_cont%num",num parameter for salt roadsalt read,no,coefficient,integer,1,9999,1,yes
946,GENERAL,saltroadsalt.dat,saltroadsalt,"rdapp_salt(iadep)%salt(isalt)%roadyr(iyr),iyr=1,atmodep_cont%num","rdapp_salt(iadep)%salt(isalt)%roadyr(iyr),iyr=1,atmodep_cont%num",delimited,1,1,salt_roadsalt_read,"rdapp_salt(iadep)%salt(isalt)%roadyr(iyr),iyr=1,atmodep_cont%num",num parameter for salt roadsalt read,no,coefficient,integer,1,9999,1,yes
947,GENERAL,scengrwway.dat,scengrwway,grwaterway_db(igrwwop),grwaterway_db(igrwwop),delimited,1,1,scen_read_grwway,grwaterway_db(igrwwop),grwaterway_db(igrwwop) parameter for scen read grwway,no,none,real,0,999,0,yes
948,GENERAL,mgtsweepops.dat,mgtsweepops,sweepop_db(isweepop),sweepop_db(isweepop),delimited,1,1,mgt_read_sweepops,sweepop_db(isweepop),sweepop_db(isweepop) parameter for mgt read sweepops,no,none,real,0,999,0,yes
949,GENERAL,field.dat,field,field_db(ith),field_db(ith),delimited,1,1,field_read,field_db(ith),field_db(ith) parameter for field read,no,none,real,0,999,0,yes
950,GENERAL,chinitcs.dat,chinitcs,ch_init_cs(ich),ch_init_cs(ich),delimited,1,1,ch_read_init_cs,ch_init_cs(ich),Initial value for ch read init cs,no,none,real,0,999,0,yes
951,GENERAL,pathhruaqu.dat,pathhruaqu,path_soil_ini(ipathi)%name,path_soil_ini(ipathi)%name,delimited,1,1,path_hru_aqu_read,path_soil_ini(ipathi)%name,Name or label for path hru aqu read,no,none,string,0,999,default,yes
952,GENERAL,pathhruaqu.dat,pathhruaqu,titldum,titldum,delimited,1,1,path_hru_aqu_read,titldum,titldum parameter for path hru aqu read,no,none,real,0,999,0,yes
953,GENERAL,pathhruaqu.dat,pathhruaqu,path_soil_ini(ipathi)%soil,path_soil_ini(ipathi)%soil,delimited,1,1,path_hru_aqu_read,path_soil_ini(ipathi)%soil,soil parameter for path hru aqu read,no,none,real,0,999,0,yes
954,GENERAL,pathhruaqu.dat,pathhruaqu,path_soil_ini(ipathi)%plt,path_soil_ini(ipathi)%plt,delimited,1,1,path_hru_aqu_read,path_soil_ini(ipathi)%plt,plt parameter for path hru aqu read,no,none,real,0,999,0,yes
955,GENERAL,readpcom.dat,readpcom,name,name,delimited,1,1,readpcom,name,Name or label for readpcom,no,none,string,0,999,default,yes
956,GENERAL,readpcom.dat,readpcom,numb,numb,delimited,1,1,readpcom,numb,numb parameter for readpcom,no,none,integer,1,9999,1,yes
957,GENERAL,readpcom.dat,readpcom,pcomdb(icom)%name,pcomdb(icom)%name,delimited,1,1,readpcom,pcomdb(icom)%name,Name or label for readpcom,no,coefficient,string,0,999,default,yes
958,GENERAL,readpcom.dat,readpcom,pcomdb(icom)%plants_com,pcomdb(icom)%plants_com,delimited,1,1,readpcom,pcomdb(icom)%plants_com,Coefficient for readpcom,no,coefficient,real,0,999,0,yes
959,GENERAL,readpcom.dat,readpcom,pcomdb(icom)%rot_yr_ini,pcomdb(icom)%rot_yr_ini,delimited,1,1,readpcom,pcomdb(icom)%rot_yr_ini,Year for readpcom,no,coefficient,real,0,999,0,yes
960,GENERAL,readpcom.dat,readpcom,pcomdb(icom)%pl(iplt)%cpnm,pcomdb(icom)%pl(iplt)%cpnm,delimited,1,1,readpcom,pcomdb(icom)%pl(iplt)%cpnm,cpnm parameter for readpcom,no,coefficient,real,0,999,0,yes
961,GENERAL,readpcom.dat,readpcom,pcomdb(icom)%pl(iplt)%igro,pcomdb(icom)%pl(iplt)%igro,delimited,1,1,readpcom,pcomdb(icom)%pl(iplt)%igro,igro parameter for readpcom,no,coefficient,real,0,999,0,yes
962,GENERAL,readpcom.dat,readpcom,pcomdb(icom)%pl(iplt)%lai,pcomdb(icom)%pl(iplt)%lai,delimited,1,1,readpcom,pcomdb(icom)%pl(iplt)%lai,lai parameter for readpcom,no,coefficient,real,0,999,0,yes
963,GENERAL,readpcom.dat,readpcom,pcomdb(icom)%pl(iplt)%bioms,pcomdb(icom)%pl(iplt)%bioms,delimited,1,1,readpcom,pcomdb(icom)%pl(iplt)%bioms,bioms parameter for readpcom,no,coefficient,real,0,999,0,yes
964,GENERAL,readpcom.dat,readpcom,pcomdb(icom)%pl(iplt)%phuacc,pcomdb(icom)%pl(iplt)%phuacc,delimited,1,1,readpcom,pcomdb(icom)%pl(iplt)%phuacc,phuacc parameter for readpcom,no,coefficient,real,0,999,0,yes
965,GENERAL,readpcom.dat,readpcom,pcomdb(icom)%pl(iplt)%pop,pcomdb(icom)%pl(iplt)%pop,delimited,1,1,readpcom,pcomdb(icom)%pl(iplt)%pop,pop parameter for readpcom,no,coefficient,real,0,999,0,yes
966,GENERAL,readpcom.dat,readpcom,pcomdb(icom)%pl(iplt)%fr_yrmat,pcomdb(icom)%pl(iplt)%fr_yrmat,delimited,1,1,readpcom,pcomdb(icom)%pl(iplt)%fr_yrmat,Year for readpcom,no,coefficient,real,0,999,0,yes
967,GENERAL,readpcom.dat,readpcom,pcomdb(icom)%pl(iplt)%rsdin,pcomdb(icom)%pl(iplt)%rsdin,delimited,1,1,readpcom,pcomdb(icom)%pl(iplt)%rsdin,rsdin parameter for readpcom,no,coefficient,real,0,999,0,yes
968,GENERAL,saltplant.dat,saltplant,plant_name,plant_name,delimited,1,1,salt_plant_read,plant_name,Name or label for salt plant read,no,none,string,0,999,default,yes
969,GENERAL,saltplant.dat,saltplant,salt_stress_a(iplant),salt_stress_a(iplant),delimited,1,1,salt_plant_read,salt_stress_a(iplant),salt_stress_a(iplant) parameter for salt plant read,no,none,real,0,999,0,yes
970,GENERAL,saltplant.dat,saltplant,salt_stress_b(iplant),salt_stress_b(iplant),delimited,1,1,salt_plant_read,salt_stress_b(iplant),salt_stress_b(iplant) parameter for salt plant read,no,none,real,0,999,0,yes
971,GENERAL,pathparm.dat,pathparm,path_db(ibac),path_db(ibac),delimited,1,1,path_parm_read,path_db(ibac),path_db(ibac) parameter for path parm read,no,none,real,0,999,0,yes
972,GENERAL,drom.dat,drom,dr_om_name(ii),dr_om_name(ii),delimited,1,1,dr_read_om,dr_om_name(ii),Name or label for dr read om,no,none,string,0,999,default,yes
973,GENERAL,drom.dat,drom,dr(ii),dr(ii),delimited,1,1,dr_read_om,dr(ii),dr(ii) parameter for dr read om,no,none,real,0,999,0,yes
974,GENERAL,csfert.dat,csfert,fert_cs(icsi),fert_cs(icsi),delimited,1,1,cs_fert_read,fert_cs(icsi),fert_cs(icsi) parameter for cs fert read,no,none,real,0,999,0,yes
975,GENERAL,overbank.dat,overbank,i,i,delimited,1,1,overbank_read,i,i parameter for overbank read,no,none,real,0,999,0,yes
976,GENERAL,overbank.dat,overbank,namedum,namedum,delimited,1,1,overbank_read,namedum,Name or label for overbank read,no,none,string,0,999,default,yes
977,GENERAL,overbank.dat,overbank,nspu,nspu,delimited,1,1,overbank_read,nspu,nspu parameter for overbank read,no,none,real,0,999,0,yes
978,GENERAL,overbank.dat,overbank,numb,numb,delimited,1,1,overbank_read,numb,numb parameter for overbank read,no,none,integer,1,9999,1,yes
979,GENERAL,overbank.dat,overbank,sd_ch(i)%fp%name,sd_ch(i)%fp%name,delimited,1,1,overbank_read,sd_ch(i)%fp%name,Name or label for overbank read,no,none,string,0,999,default,yes
980,GENERAL,overbank.dat,overbank,sd_ch(i)%fp%obj_tot,sd_ch(i)%fp%obj_tot,delimited,1,1,overbank_read,sd_ch(i)%fp%obj_tot,obj_tot parameter for overbank read,no,none,real,0,999,0,yes
981,GENERAL,overbank.dat,overbank,"sd_ch(i)%fp%obtyp(isp), sd_ch(i)%fp%obtypno(isp), isp = 1, nspu","sd_ch(i)%fp%obtyp(isp), sd_ch(i)%fp%obtypno(isp), isp = 1, nspu",delimited,1,1,overbank_read,"sd_ch(i)%fp%obtyp(isp), sd_ch(i)%fp%obtypno(isp), isp = 1, nspu","obtypno(isp), isp = 1, nspu parameter for overbank read",no,none,real,0,999,0,yes
982,GENERAL,conspracread.con,consprac,cons_prac(icp),cons_prac(icp),delimited,1,1,cons_prac_read,cons_prac(icp),Coefficient for cons prac read,no,coefficient,real,0,999,0,yes
983,GENERAL,saltuptake.dat,saltuptake,name,name,delimited,1,1,salt_uptake_read,name,Name or label for salt uptake read,no,none,string,0,999,default,yes
984,GENERAL,saltuptake.dat,saltuptake,"salt_uptake_kg(i,j),j=1,cs_db%num_salts","salt_uptake_kg(i,j),j=1,cs_db%num_salts",delimited,1,1,salt_uptake_read,"salt_uptake_kg(i,j),j=1,cs_db%num_salts",num_salts parameter for salt uptake read,no,none,integer,1,9999,1,yes
985,GENERAL,resweir.dat,resweir,res_weir(ires),res_weir(ires),delimited,1,1,res_read_weir,res_weir(ires),res_weir(ires) parameter for res read weir,no,none,real,0,999,0,yes
986,GENERAL,ressed.dat,ressed,res_sed(ires),res_sed(ires),delimited,1,1,res_read_sed,res_sed(ires),res_sed(ires) parameter for res read sed,no,tons/ha,real,0,999,0,yes
987,GENERAL,treatom.dat,treatom,trt_om_name(ii),trt_om_name(ii),delimited,1,1,treat_read_om,trt_om_name(ii),Name or label for treat read om,no,none,string,0,999,default,yes
988,GENERAL,treatom.dat,treatom,trt(ii),trt(ii),delimited,1,1,treat_read_om,trt(ii),trt(ii) parameter for treat read om,no,none,real,0,999,0,yes
989,GENERAL,chelements.dat,chelements,k,k,delimited,1,1,ch_read_elements,k,Hydraulic conductivity for ch read elements,no,none,real,0,999,0,yes
990,GENERAL,chelements.dat,chelements,ccu_out(i)%name,ccu_out(i)%name,delimited,1,1,ch_read_elements,ccu_out(i)%name,Name or label for ch read elements,no,none,string,0,999,default,yes
991,GENERAL,chelements.dat,chelements,ccu_out(i)%area_ha,ccu_out(i)%area_ha,delimited,1,1,ch_read_elements,ccu_out(i)%area_ha,Area in hectares for ch read elements,no,ha,real,0,100000,0,yes
992,GENERAL,chelements.dat,chelements,nspu,nspu,delimited,1,1,ch_read_elements,nspu,nspu parameter for ch read elements,no,none,real,0,999,0,yes
993,GENERAL,chelements.dat,chelements,"elem_cnt(isp), isp = 1, nspu","elem_cnt(isp), isp = 1, nspu",delimited,1,1,ch_read_elements,"elem_cnt(isp), isp = 1, nspu","elem_cnt(isp), isp = 1, nspu parameter for ch read elements",no,none,integer,1,9999,1,yes
994,GENERAL,chelements.dat,chelements,ccu_reg(i)%name,ccu_reg(i)%name,delimited,1,1,ch_read_elements,ccu_reg(i)%name,Name or label for ch read elements,no,none,string,0,999,default,yes
995,GENERAL,chelements.dat,chelements,ccu_reg(i)%area_ha,ccu_reg(i)%area_ha,delimited,1,1,ch_read_elements,ccu_reg(i)%area_ha,Area in hectares for ch read elements,no,ha,real,0,100000,0,yes
996,GENERAL,chelements.dat,chelements,ccu_elem(i)%name,ccu_elem(i)%name,delimited,1,1,ch_read_elements,ccu_elem(i)%name,Name or label for ch read elements,no,none,string,0,999,default,yes
997,GENERAL,chelements.dat,chelements,ccu_elem(i)%obtyp,ccu_elem(i)%obtyp,delimited,1,1,ch_read_elements,ccu_elem(i)%obtyp,obtyp parameter for ch read elements,no,none,real,0,999,0,yes
998,GENERAL,chelements.dat,chelements,ccu_elem(i)%obtypno,ccu_elem(i)%obtypno,delimited,1,1,ch_read_elements,ccu_elem(i)%obtypno,obtypno parameter for ch read elements,no,none,real,0,999,0,yes
999,GENERAL,chelements.dat,chelements,ccu_elem(i)%bsn_frac,ccu_elem(i)%bsn_frac,delimited,1,1,ch_read_elements,ccu_elem(i)%bsn_frac,Fraction or ratio for ch read elements,no,fraction,real,0,1,0.5,yes
1000,GENERAL,chelements.dat,chelements,ccu_elem(i)%ru_frac,ccu_elem(i)%ru_frac,delimited,1,1,ch_read_elements,ccu_elem(i)%ru_frac,Fraction or ratio for ch read elements,no,fraction,real,0,1,0.5,yes
1001,GENERAL,chelements.dat,chelements,ccu_elem(i)%reg_frac,ccu_elem(i)%reg_frac,delimited,1,1,ch_read_elements,ccu_elem(i)%reg_frac,Fraction or ratio for ch read elements,no,fraction,real,0,1,0.5,yes
1002,GENERAL,pathchares.dat,pathchares,path_init_name(ipathi),path_init_name(ipathi),delimited,1,1,path_cha_res_read,path_init_name(ipathi),Name or label for path cha res read,no,none,string,0,999,default,yes
1003,GENERAL,pathchares.dat,pathchares,titldum,titldum,delimited,1,1,path_cha_res_read,titldum,titldum parameter for path cha res read,no,none,real,0,999,0,yes
1004,GENERAL,pathchares.dat,pathchares,path_water_ini(ipathi)%water,path_water_ini(ipathi)%water,delimited,1,1,path_cha_res_read,path_water_ini(ipathi)%water,water parameter for path cha res read,no,none,real,0,999,0,yes
1005,GENERAL,pathchares.dat,pathchares,path_water_ini(ipathi)%benthic,path_water_ini(ipathi)%benthic,delimited,1,1,path_cha_res_read,path_water_ini(ipathi)%benthic,benthic parameter for path cha res read,no,none,real,0,999,0,yes
1011,GENERAL,basinobjs.dat,basinobjs,bsn,bsn,delimited,1,1,basin_read_objs,bsn,bsn parameter for basin read objs,no,none,real,0,999,0,yes
1012,GENERAL,basinobjs.dat,basinobjs,sp_ob,sp_ob,delimited,1,1,basin_read_objs,sp_ob,sp_ob parameter for basin read objs,no,none,real,0,999,0,yes
1013,GENERAL,ressaltcs.dat,ressaltcs,k,k,delimited,1,1,res_read_salt_cs,k,Hydraulic conductivity for res read salt cs,no,none,real,0,999,0,yes
1014,GENERAL,ressaltcs.dat,ressaltcs,res_dat_c_cs(ires),res_dat_c_cs(ires),delimited,1,1,res_read_salt_cs,res_dat_c_cs(ires),res_dat_c_cs(ires) parameter for res read salt cs,no,none,real,0,999,0,yes
1015,GENERAL,dtblfloconread.con,dtblflocon,dtbl_flo(i)%name,dtbl_flo(i)%name,delimited,1,1,dtbl_flocon_read,dtbl_flo(i)%name,Name or label for dtbl flocon read,no,none,string,0,999,default,yes
1016,GENERAL,dtblfloconread.con,dtblflocon,dtbl_flo(i)%conds,dtbl_flo(i)%conds,delimited,1,1,dtbl_flocon_read,dtbl_flo(i)%conds,Coefficient for dtbl flocon read,no,coefficient,real,0,999,0,yes
1017,GENERAL,dtblfloconread.con,dtblflocon,dtbl_flo(i)%alts,dtbl_flo(i)%alts,delimited,1,1,dtbl_flocon_read,dtbl_flo(i)%alts,alts parameter for dtbl flocon read,no,none,real,0,999,0,yes
1018,GENERAL,dtblfloconread.con,dtblflocon,dtbl_flo(i)%acts,dtbl_flo(i)%acts,delimited,1,1,dtbl_flocon_read,dtbl_flo(i)%acts,acts parameter for dtbl flocon read,no,none,real,0,999,0,yes
1019,GENERAL,dtblfloconread.con,dtblflocon,dtbl_flo(i)%cond(ic),dtbl_flo(i)%cond(ic),delimited,1,1,dtbl_flocon_read,dtbl_flo(i)%cond(ic),Coefficient for dtbl flocon read,no,coefficient,real,0,999,0,yes
1020,GENERAL,dtblfloconread.con,dtblflocon,"dtbl_flo(i)%alt(ic,ial), ial = 1, dtbl_flo(i)%alts","dtbl_flo(i)%alt(ic,ial), ial = 1, dtbl_flo(i)%alts",delimited,1,1,dtbl_flocon_read,"dtbl_flo(i)%alt(ic,ial), ial = 1, dtbl_flo(i)%alts",alts parameter for dtbl flocon read,no,none,real,0,999,0,yes
1021,GENERAL,dtblfloconread.con,dtblflocon,dtbl_flo(i)%act(iac),dtbl_flo(i)%act(iac),delimited,1,1,dtbl_flocon_read,dtbl_flo(i)%act(iac),act(iac) parameter for dtbl flocon read,no,none,real,0,999,0,yes
1022,GENERAL,dtblfloconread.con,dtblflocon,"dtbl_flo(i)%act_outcomes(iac,ial), ial = 1, dtbl_flo(i)%alts","dtbl_flo(i)%act_outcomes(iac,ial), ial = 1, dtbl_flo(i)%alts",delimited,1,1,dtbl_flocon_read,"dtbl_flo(i)%act_outcomes(iac,ial), ial = 1, dtbl_flo(i)%alts",alts parameter for dtbl flocon read,no,coefficient,real,0,999,0,yes
1023,GENERAL,csreactions.dat,csreactions,num_rct,num_rct,delimited,1,1,cs_reactions_read,num_rct,num_rct parameter for cs reactions read,no,none,integer,1,9999,1,yes
1024,GENERAL,csreactions.dat,csreactions,num_groups,num_groups,delimited,1,1,cs_reactions_read,num_groups,num_groups parameter for cs reactions read,no,none,integer,1,9999,1,yes
1025,GENERAL,csreactions.dat,csreactions,"rct(icount,igroup),igroup=1,num_groups","rct(icount,igroup),igroup=1,num_groups",delimited,1,1,cs_reactions_read,"rct(icount,igroup),igroup=1,num_groups",Coefficient for cs reactions read,no,coefficient,integer,1,9999,1,yes
1026,GENERAL,csreactions.dat,csreactions,"rct_shale(icount,irct),irct=1,3","rct_shale(icount,irct),irct=1,3",delimited,1,1,cs_reactions_read,"rct_shale(icount,irct),irct=1,3",Coefficient for cs reactions read,no,coefficient,real,0,999,0,yes
1027,GENERAL,csreactions.dat,csreactions,hru_dum,hru_dum,delimited,1,1,cs_reactions_read,hru_dum,hru_dum parameter for cs reactions read,no,none,real,0,999,0,yes
1028,GENERAL,csreactions.dat,csreactions,group,group,delimited,1,1,cs_reactions_read,group,group parameter for cs reactions read,no,none,real,0,999,0,yes
1029,GENERAL,csreactions.dat,csreactions,"shale_fractions(ishale),ishale=1,num_geol_shale","shale_fractions(ishale),ishale=1,num_geol_shale",delimited,1,1,cs_reactions_read,"shale_fractions(ishale),ishale=1,num_geol_shale",Fraction or ratio for cs reactions read,no,fraction,integer,1,1,1,yes
1030,GENERAL,csreactions.dat,csreactions,aqu_dum,aqu_dum,delimited,1,1,cs_reactions_read,aqu_dum,aqu_dum parameter for cs reactions read,no,none,real,0,999,0,yes
1031,GENERAL,drdb.dat,drdb,dr_db(ii),dr_db(ii),delimited,1,1,dr_db_read,dr_db(ii),dr_db(ii) parameter for dr db read,no,none,real,0,999,0,yes
1032,GENERAL,rescsdb.dat,rescsdb,res_cs_data(ires),res_cs_data(ires),delimited,1,1,res_read_csdb,res_cs_data(ires),res_cs_data(ires) parameter for res read csdb,no,none,real,0,999,0,yes
1033,GENERAL,dtblscen.dat,dtblscen,dtbl_scen(i)%name,dtbl_scen(i)%name,delimited,1,1,dtbl_scen_read,dtbl_scen(i)%name,Name or label for dtbl scen read,no,none,string,0,999,default,yes
1034,GENERAL,dtblscen.dat,dtblscen,dtbl_scen(i)%conds,dtbl_scen(i)%conds,delimited,1,1,dtbl_scen_read,dtbl_scen(i)%conds,Coefficient for dtbl scen read,no,coefficient,real,0,999,0,yes
1035,GENERAL,dtblscen.dat,dtblscen,dtbl_scen(i)%alts,dtbl_scen(i)%alts,delimited,1,1,dtbl_scen_read,dtbl_scen(i)%alts,alts parameter for dtbl scen read,no,none,real,0,999,0,yes
1036,GENERAL,dtblscen.dat,dtblscen,dtbl_scen(i)%acts,dtbl_scen(i)%acts,delimited,1,1,dtbl_scen_read,dtbl_scen(i)%acts,acts parameter for dtbl scen read,no,none,real,0,999,0,yes
1037,GENERAL,dtblscen.dat,dtblscen,dtbl_scen(i)%cond(ic),dtbl_scen(i)%cond(ic),delimited,1,1,dtbl_scen_read,dtbl_scen(i)%cond(ic),Coefficient for dtbl scen read,no,coefficient,real,0,999,0,yes
1038,GENERAL,dtblscen.dat,dtblscen,"dtbl_scen(i)%alt(ic,ial), ial = 1, dtbl_scen(i)%alts","dtbl_scen(i)%alt(ic,ial), ial = 1, dtbl_scen(i)%alts",delimited,1,1,dtbl_scen_read,"dtbl_scen(i)%alt(ic,ial), ial = 1, dtbl_scen(i)%alts",alts parameter for dtbl scen read,no,none,real,0,999,0,yes
1039,GENERAL,dtblscen.dat,dtblscen,dtbl_scen(i)%act(iac),dtbl_scen(i)%act(iac),delimited,1,1,dtbl_scen_read,dtbl_scen(i)%act(iac),act(iac) parameter for dtbl scen read,no,none,real,0,999,0,yes
1040,GENERAL,dtblscen.dat,dtblscen,"dtbl_scen(i)%act_outcomes(iac,ial), ial = 1, dtbl_scen(i)%alts","dtbl_scen(i)%act_outcomes(iac,ial), ial = 1, dtbl_scen(i)%alts",delimited,1,1,dtbl_scen_read,"dtbl_scen(i)%act_outcomes(iac,ial), ial = 1, dtbl_scen(i)%alts",alts parameter for dtbl scen read,no,coefficient,real,0,999,0,yes
1041,GENERAL,clistaread.dat,clistaread,wst(i)%name,wst(i)%name,delimited,1,1,cli_staread,wst(i)%name,Name or label for cli staread,no,none,string,0,999,default,yes
1042,GENERAL,clistaread.dat,clistaread,wst(i)%wco_c,wst(i)%wco_c,delimited,1,1,cli_staread,wst(i)%wco_c,Coefficient for cli staread,no,coefficient,real,0,999,0,yes
1043,GENERAL,chorderscal.dat,chorderscal,chcal(i)%name,chcal(i)%name,delimited,1,1,ch_read_orders_cal,chcal(i)%name,Name or label for ch read orders cal,no,none,string,0,999,default,yes
1044,GENERAL,chorderscal.dat,chorderscal,chcal(i)%ord_num,chcal(i)%ord_num,delimited,1,1,ch_read_orders_cal,chcal(i)%ord_num,ord_num parameter for ch read orders cal,no,none,integer,1,9999,1,yes
1045,GENERAL,chorderscal.dat,chorderscal,nspu,nspu,delimited,1,1,ch_read_orders_cal,nspu,nspu parameter for ch read orders cal,no,none,real,0,999,0,yes
1046,GENERAL,chorderscal.dat,chorderscal,"elem_cnt(isp), isp = 1, nspu","elem_cnt(isp), isp = 1, nspu",delimited,1,1,ch_read_orders_cal,"elem_cnt(isp), isp = 1, nspu","elem_cnt(isp), isp = 1, nspu parameter for ch read orders cal",no,none,integer,1,9999,1,yes
1047,GENERAL,chorderscal.dat,chorderscal,chcal(i)%ord(iord)%meas,chcal(i)%ord(iord)%meas,delimited,1,1,ch_read_orders_cal,chcal(i)%ord(iord)%meas,meas parameter for ch read orders cal,no,none,real,0,999,0,yes
1048,GENERAL,plparmscal.dat,plparmscal,pl_prms(i)%name,pl_prms(i)%name,delimited,1,1,pl_read_parms_cal,pl_prms(i)%name,Name or label for pl read parms cal,no,none,string,0,999,default,yes
1049,GENERAL,plparmscal.dat,plparmscal,pl_prms(i)%lum_num,pl_prms(i)%lum_num,delimited,1,1,pl_read_parms_cal,pl_prms(i)%lum_num,lum_num parameter for pl read parms cal,no,none,integer,1,9999,1,yes
1050,GENERAL,plparmscal.dat,plparmscal,pl_prms(i)%parms,pl_prms(i)%parms,delimited,1,1,pl_read_parms_cal,pl_prms(i)%parms,parms parameter for pl read parms cal,no,none,real,0,999,0,yes
1051,GENERAL,plparmscal.dat,plparmscal,nspu,nspu,delimited,1,1,pl_read_parms_cal,nspu,nspu parameter for pl read parms cal,no,none,real,0,999,0,yes
1052,GENERAL,plparmscal.dat,plparmscal,"elem_cnt(isp), isp = 1, nspu","elem_cnt(isp), isp = 1, nspu",delimited,1,1,pl_read_parms_cal,"elem_cnt(isp), isp = 1, nspu","elem_cnt(isp), isp = 1, nspu parameter for pl read parms cal",no,none,integer,1,9999,1,yes
1053,GENERAL,plparmscal.dat,plparmscal,pl_prms(i)%prm(ilum),pl_prms(i)%prm(ilum),delimited,1,1,pl_read_parms_cal,pl_prms(i)%prm(ilum),prm(ilum) parameter for pl read parms cal,no,none,real,0,999,0,yes
1054,GENERAL,csurban.dat,csurban,urb_type,urb_type,delimited,1,1,cs_urban_read,urb_type,urb_type parameter for cs urban read,no,none,real,0,999,0,yes
1055,GENERAL,csurban.dat,csurban,"cs_urban_conc(iu,ics),ics=1,cs_db%num_cs","cs_urban_conc(iu,ics),ics=1,cs_db%num_cs",delimited,1,1,cs_urban_read,"cs_urban_conc(iu,ics),ics=1,cs_db%num_cs",num_cs parameter for cs urban read,no,coefficient,integer,1,9999,1,yes
1056,GENERAL,mgtfireops.dat,mgtfireops,fire_db(ifireop),fire_db(ifireop),delimited,1,1,mgt_read_fireops,fire_db(ifireop),fire_db(ifireop) parameter for mgt read fireops,no,none,real,0,999,0,yes
1057,GENERAL,manureparm.dat,manureparm,manure_db(it),manure_db(it),delimited,1,1,manure_parm_read,manure_db(it),manure_db(it) parameter for manure parm read,no,none,real,0,999,0,yes
1058,GENERAL,objectoutput.dat,objectoutput,k,k,delimited,1,1,object_read_output,k,Hydraulic conductivity for object read output,no,none,real,0,999,0,yes
1059,GENERAL,objectoutput.dat,objectoutput,ob_out(ii)%obtyp,ob_out(ii)%obtyp,delimited,1,1,object_read_output,ob_out(ii)%obtyp,obtyp parameter for object read output,no,none,real,0,999,0,yes
1060,GENERAL,objectoutput.dat,objectoutput,ob_out(ii)%obtypno,ob_out(ii)%obtypno,delimited,1,1,object_read_output,ob_out(ii)%obtypno,obtypno parameter for object read output,no,none,real,0,999,0,yes
1061,GENERAL,objectoutput.dat,objectoutput,ob_out(ii)%hydtyp,ob_out(ii)%hydtyp,delimited,1,1,object_read_output,ob_out(ii)%hydtyp,hydtyp parameter for object read output,no,none,real,0,999,0,yes
1062,GENERAL,objectoutput.dat,objectoutput,ob_out(ii)%filename,ob_out(ii)%filename,delimited,1,1,object_read_output,ob_out(ii)%filename,Name or label for object read output,no,m,string,0,999,default,yes
1063,GENERAL,tillparm.dat,tillparm,tilldb(itl),tilldb(itl),delimited,1,1,till_parm_read,tilldb(itl),tilldb(itl) parameter for till parm read,no,none,real,0,999,0,yes
1064,GENERAL,csplant.dat,csplant,plant_name,plant_name,delimited,1,1,cs_plant_read,plant_name,Name or label for cs plant read,no,none,string,0,999,default,yes
1065,GENERAL,csplant.dat,csplant,bor_stress_a(iplant),bor_stress_a(iplant),delimited,1,1,cs_plant_read,bor_stress_a(iplant),bor_stress_a(iplant) parameter for cs plant read,no,none,real,0,999,0,yes
1066,GENERAL,csplant.dat,csplant,bor_stress_b(iplant),bor_stress_b(iplant),delimited,1,1,cs_plant_read,bor_stress_b(iplant),bor_stress_b(iplant) parameter for cs plant read,no,none,real,0,999,0,yes
1067,GENERAL,mgtgrazeops.dat,mgtgrazeops,grazeop_db(igrazop)%name,grazeop_db(igrazop)%name,delimited,1,1,mgt_read_grazeops,grazeop_db(igrazop)%name,Name or label for mgt read grazeops,no,none,string,0,999,default,yes
1068,GENERAL,mgtgrazeops.dat,mgtgrazeops,grazeop_db(igrazop)%fertnm,grazeop_db(igrazop)%fertnm,delimited,1,1,mgt_read_grazeops,grazeop_db(igrazop)%fertnm,fertnm parameter for mgt read grazeops,no,none,real,0,999,0,yes
1069,GENERAL,mgtgrazeops.dat,mgtgrazeops,grazeop_db(igrazop)%eat,grazeop_db(igrazop)%eat,delimited,1,1,mgt_read_grazeops,grazeop_db(igrazop)%eat,eat parameter for mgt read grazeops,no,none,real,0,999,0,yes
1070,GENERAL,mgtgrazeops.dat,mgtgrazeops,grazeop_db(igrazop)%tramp,grazeop_db(igrazop)%tramp,delimited,1,1,mgt_read_grazeops,grazeop_db(igrazop)%tramp,tramp parameter for mgt read grazeops,no,none,real,0,999,0,yes
1071,GENERAL,mgtgrazeops.dat,mgtgrazeops,grazeop_db(igrazop)%manure,grazeop_db(igrazop)%manure,delimited,1,1,mgt_read_grazeops,grazeop_db(igrazop)%manure,manure parameter for mgt read grazeops,no,none,real,0,999,0,yes
1072,GENERAL,mgtgrazeops.dat,mgtgrazeops,grazeop_db(igrazop)%biomin,grazeop_db(igrazop)%biomin,delimited,1,1,mgt_read_grazeops,grazeop_db(igrazop)%biomin,Minimum value for mgt read grazeops,no,none,real,0,999,0,yes
1073,GENERAL,soilltedb.dat,soilltedb,soil_lte(k),soil_lte(k),delimited,1,1,soil_lte_db_read,soil_lte(k),Hydraulic conductivity for soil lte db read,no,none,real,0,999,0,yes
1074,GENERAL,aquelements.dat,aquelements,k,k,delimited,1,1,aqu_read_elements,k,Hydraulic conductivity for aqu read elements,no,none,real,0,999,0,yes
1075,GENERAL,aquelements.dat,aquelements,acu_out(i)%name,acu_out(i)%name,delimited,1,1,aqu_read_elements,acu_out(i)%name,Name or label for aqu read elements,no,none,string,0,999,default,yes
1076,GENERAL,aquelements.dat,aquelements,acu_out(i)%area_ha,acu_out(i)%area_ha,delimited,1,1,aqu_read_elements,acu_out(i)%area_ha,Area in hectares for aqu read elements,no,ha,real,0,100000,0,yes
1077,GENERAL,aquelements.dat,aquelements,nspu,nspu,delimited,1,1,aqu_read_elements,nspu,nspu parameter for aqu read elements,no,none,real,0,999,0,yes
1078,GENERAL,aquelements.dat,aquelements,"elem_cnt(isp), isp = 1, nspu","elem_cnt(isp), isp = 1, nspu",delimited,1,1,aqu_read_elements,"elem_cnt(isp), isp = 1, nspu","elem_cnt(isp), isp = 1, nspu parameter for aqu read elements",no,none,integer,1,9999,1,yes
1079,GENERAL,aquelements.dat,aquelements,acu_reg(i)%name,acu_reg(i)%name,delimited,1,1,aqu_read_elements,acu_reg(i)%name,Name or label for aqu read elements,no,none,string,0,999,default,yes
1080,GENERAL,aquelements.dat,aquelements,acu_reg(i)%area_ha,acu_reg(i)%area_ha,delimited,1,1,aqu_read_elements,acu_reg(i)%area_ha,Area in hectares for aqu read elements,no,ha,real,0,100000,0,yes
1081,GENERAL,aquelements.dat,aquelements,acu_elem(i)%name,acu_elem(i)%name,delimited,1,1,aqu_read_elements,acu_elem(i)%name,Name or label for aqu read elements,no,none,string,0,999,default,yes
1082,GENERAL,aquelements.dat,aquelements,acu_elem(i)%obtyp,acu_elem(i)%obtyp,delimited,1,1,aqu_read_elements,acu_elem(i)%obtyp,obtyp parameter for aqu read elements,no,none,real,0,999,0,yes
1083,GENERAL,aquelements.dat,aquelements,acu_elem(i)%obtypno,acu_elem(i)%obtypno,delimited,1,1,aqu_read_elements,acu_elem(i)%obtypno,obtypno parameter for aqu read elements,no,none,real,0,999,0,yes
1084,GENERAL,aquelements.dat,aquelements,acu_elem(i)%bsn_frac,acu_elem(i)%bsn_frac,delimited,1,1,aqu_read_elements,acu_elem(i)%bsn_frac,Fraction or ratio for aqu read elements,no,fraction,real,0,1,0.5,yes
1085,GENERAL,aquelements.dat,aquelements,acu_elem(i)%ru_frac,acu_elem(i)%ru_frac,delimited,1,1,aqu_read_elements,acu_elem(i)%ru_frac,Fraction or ratio for aqu read elements,no,fraction,real,0,1,0.5,yes
1086,GENERAL,aquelements.dat,aquelements,acu_elem(i)%reg_frac,acu_elem(i)%reg_frac,delimited,1,1,aqu_read_elements,acu_elem(i)%reg_frac,Fraction or ratio for aqu read elements,no,fraction,real,0,1,0.5,yes
1087,GENERAL,chnut.dat,chnut,ch_nut(ich),ch_nut(ich),delimited,1,1,ch_read_nut,ch_nut(ich),ch_nut(ich) parameter for ch read nut,no,none,real,0,999,0,yes
1088,GENERAL,regelements.dat,regelements,mreg,mreg,delimited,1,1,reg_read_elements,mreg,mreg parameter for reg read elements,no,none,real,0,999,0,yes
1089,GENERAL,regelements.dat,regelements,mlug,mlug,delimited,1,1,reg_read_elements,mlug,mlug parameter for reg read elements,no,none,real,0,999,0,yes
1090,GENERAL,regelements.dat,regelements,i,i,delimited,1,1,reg_read_elements,i,i parameter for reg read elements,no,none,real,0,999,0,yes
1091,GENERAL,regelements.dat,regelements,lum_grp%num,lum_grp%num,delimited,1,1,reg_read_elements,lum_grp%num,num parameter for reg read elements,no,none,integer,1,9999,1,yes
1092,GENERAL,regelements.dat,regelements,"lum_grp%name(ilum), ilum = 1, mlug","lum_grp%name(ilum), ilum = 1, mlug",delimited,1,1,reg_read_elements,"lum_grp%name(ilum), ilum = 1, mlug",Name or label for reg read elements,no,none,string,0,999,default,yes
1093,GENERAL,regelements.dat,regelements,k,k,delimited,1,1,reg_read_elements,k,Hydraulic conductivity for reg read elements,no,none,real,0,999,0,yes
1094,GENERAL,regelements.dat,regelements,lsu_reg(i)%name,lsu_reg(i)%name,delimited,1,1,reg_read_elements,lsu_reg(i)%name,Name or label for reg read elements,no,none,string,0,999,default,yes
1095,GENERAL,regelements.dat,regelements,lsu_reg(i)%area_ha,lsu_reg(i)%area_ha,delimited,1,1,reg_read_elements,lsu_reg(i)%area_ha,Area in hectares for reg read elements,no,ha,real,0,100000,0,yes
1096,GENERAL,regelements.dat,regelements,nspu,nspu,delimited,1,1,reg_read_elements,nspu,nspu parameter for reg read elements,no,none,real,0,999,0,yes
1097,GENERAL,regelements.dat,regelements,"elem_cnt(isp), isp = 1, nspu","elem_cnt(isp), isp = 1, nspu",delimited,1,1,reg_read_elements,"elem_cnt(isp), isp = 1, nspu","elem_cnt(isp), isp = 1, nspu parameter for reg read elements",no,none,integer,1,9999,1,yes
1098,GENERAL,regelements.dat,regelements,reg_elem(i)%name,reg_elem(i)%name,delimited,1,1,reg_read_elements,reg_elem(i)%name,Name or label for reg read elements,no,none,string,0,999,default,yes
1099,GENERAL,regelements.dat,regelements,reg_elem(i)%ha,reg_elem(i)%ha,delimited,1,1,reg_read_elements,reg_elem(i)%ha,ha parameter for reg read elements,no,none,real,0,999,0,yes
1100,GENERAL,regelements.dat,regelements,reg_elem(i)%obtyp,reg_elem(i)%obtyp,delimited,1,1,reg_read_elements,reg_elem(i)%obtyp,obtyp parameter for reg read elements,no,none,real,0,999,0,yes
1101,GENERAL,regelements.dat,regelements,reg_elem(i)%obtypno,reg_elem(i)%obtypno,delimited,1,1,reg_read_elements,reg_elem(i)%obtypno,obtypno parameter for reg read elements,no,none,real,0,999,0,yes
55,HRU,hru-data.hru,hru_dat,id,id,delimited,1,1,hru-data_hru,id,HRU data unique identifier,no,none,integer,1,9999,1,yes
56,HRU,hru-data.hru,hru_dat,name,name,delimited,2,1,hru-data_hru,name,HRU data name,no,none,string,,,hru_dat,yes
57,HRU,hru-data.hru,hru_dat,description,description,delimited,3,1,hru-data_hru,description,HRU description,no,none,string,,,HRU data,yes
58,HRU,hru-data.hru,hru_dat,topo,topo,delimited,4,1,hru-data_hru,topo,Topography reference,no,none,string,,,topo1,yes
59,HRU,hru-data.hru,hru_dat,hydro,hydro,delimited,5,1,hru-data_hru,hydro,Hydrology reference,no,none,string,,,hydro1,yes
60,HRU,hru-data.hru,hru_dat,soil,soil,delimited,6,1,hru-data_hru,soil,Soil reference,no,none,string,,,soil1,yes
61,HRU,hru-data.hru,hru_dat,lu_mgt,lu_mgt,delimited,7,1,hru-data_hru,lu_mgt,Land use management reference,no,none,string,,,lum1,yes
62,HRU,hru-data.hru,hru_dat,soil_ini,soil_ini,delimited,8,1,hru-data_hru,soil_ini,Soil initial conditions,no,none,string,,,soil_ini1,yes
63,HRU,hru-data.hru,hru_dat,surf_stor,surf_stor,delimited,9,1,hru-data_hru,surf_stor,Surface storage reference,no,none,string,,,surf_stor1,yes
64,HRU,hru-data.hru,hru_dat,snow,snow,delimited,10,1,hru-data_hru,snow,Snow parameters reference,no,none,string,,,snow1,yes
65,HRU,hru-data.hru,hru_dat,field,field,delimited,11,1,hru-data_hru,field,Field properties reference,no,none,string,,,field1,yes
73,HRU,hydrology.hyd,hydro_hru,name,name,delimited,1,1,hydrology_hyd,name,Hydrology parameter set name,no,none,string,,,hydro1,yes
74,HRU,hydrology.hyd,hydro_hru,lat_ttime,lat_ttime,delimited,2,1,hydrology_hyd,lat_ttime,Lateral flow travel time,no,days,real,0,180,0,yes
75,HRU,hydrology.hyd,hydro_hru,lat_sed,lat_sed,delimited,3,1,hydrology_hyd,lat_sed,Lateral flow sediment concentration,no,mg/L,real,0,5000,0,yes
76,HRU,hydrology.hyd,hydro_hru,can_max,can_max,delimited,4,1,hydrology_hyd,can_max,Maximum canopy storage,no,mm H2O,real,0,100,0,yes
77,HRU,hydrology.hyd,hydro_hru,esco,esco,delimited,5,1,hydrology_hyd,esco,Soil evaporation compensation factor,no,none,real,0.01,1,0.95,yes
78,HRU,hydrology.hyd,hydro_hru,epco,epco,delimited,6,1,hydrology_hyd,epco,Plant uptake compensation factor,no,none,real,0.01,1,1,yes
79,HRU,hydrology.hyd,hydro_hru,orgn_enrich,orgn_enrich,delimited,7,1,hydrology_hyd,orgn_enrich,Organic nitrogen enrichment ratio,no,none,real,0,5,0,yes
80,HRU,hydrology.hyd,hydro_hru,orgp_enrich,orgp_enrich,delimited,8,1,hydrology_hyd,orgp_enrich,Organic phosphorus enrichment ratio,no,none,real,0,5,0,yes
81,HRU,hydrology.hyd,hydro_hru,cn3_swf,cn3_swf,delimited,9,1,hydrology_hyd,cn3_swf,Curve number soil water factor,no,none,real,0,1,1,yes
82,HRU,hydrology.hyd,hydro_hru,bio_mix,bio_mix,delimited,10,1,hydrology_hyd,bio_mix,Biological mixing efficiency,no,none,real,0,1,0.2,yes
83,HRU,hydrology.hyd,hydro_hru,perco,perco,delimited,11,1,hydrology_hyd,perco,Percolation coefficient,no,none,real,0.01,1,0.5,yes
84,HRU,hydrology.hyd,hydro_hru,lat_orgn,lat_orgn,delimited,12,1,hydrology_hyd,lat_orgn,Lateral organic nitrogen concentration,no,mg N/L,real,0,200,0,yes
85,HRU,hydrology.hyd,hydro_hru,lat_orgp,lat_orgp,delimited,13,1,hydrology_hyd,lat_orgp,Lateral organic phosphorus concentration,no,mg P/L,real,0,25,0,yes
86,HRU,hydrology.hyd,hydro_hru,harg_pet,harg_pet,delimited,14,1,hydrology_hyd,harg_pet,Hargreaves PET equation coefficient,no,none,real,0.0023,0.0032,0.0023,yes
87,HRU,hydrology.hyd,hydro_hru,latq_co,latq_co,delimited,15,1,hydrology_hyd,latq_co,Lateral flow coefficient,no,none,real,0,1,0,yes
224,HRU,hru-data.hru,hru,k,k,delimited,1,1,hru_read,k,Hydraulic conductivity for hru read,no,none,real,0,999,0,yes
225,HRU,hru-data.hru,hru,hru_db(i)%dbsc,hru_db(i)%dbsc,delimited,1,1,hru_read,hru_db(i)%dbsc,dbsc parameter for hru read,no,none,real,0,999,0,yes
647,HRU,hru-data.hru,salthru,salt_soil_ini(isalti)%name,salt_soil_ini(isalti)%name,delimited,1,1,salt_hru_read,salt_soil_ini(isalti)%name,Name or label for salt hru read,no,none,string,0,999,default,yes
648,HRU,hru-data.hru,salthru,salt_soil_ini(isalti)%soil,salt_soil_ini(isalti)%soil,delimited,1,1,salt_hru_read,salt_soil_ini(isalti)%soil,soil parameter for salt hru read,no,none,real,0,999,0,yes
649,HRU,hru-data.hru,salthru,salt_soil_ini(isalti)%plt,salt_soil_ini(isalti)%plt,delimited,1,1,salt_hru_read,salt_soil_ini(isalti)%plt,plt parameter for salt hru read,no,none,real,0,999,0,yes
661,HRU,hru-data.hru,cshru,cs_soil_ini(ics)%name,cs_soil_ini(ics)%name,delimited,1,1,cs_hru_read,cs_soil_ini(ics)%name,Name or label for cs hru read,no,none,string,0,999,default,yes
662,HRU,hru-data.hru,cshru,cs_soil_ini(ics)%soil,cs_soil_ini(ics)%soil,delimited,1,1,cs_hru_read,cs_soil_ini(ics)%soil,soil parameter for cs hru read,no,none,real,0,999,0,yes
663,HRU,hru-data.hru,cshru,cs_soil_ini(ics)%plt,cs_soil_ini(ics)%plt,delimited,1,1,cs_hru_read,cs_soil_ini(ics)%plt,plt parameter for cs hru read,no,none,real,0,999,0,yes
1,SIMULATION,file.cio,file_cio,time_sim,time_sim,delimited,2,2,file_cio,time_sim,Defines simulation period,core,none,string,,,time.sim,yes
2,SIMULATION,file.cio,file_cio,print,print,delimited,3,2,file_cio,print,Defines which files will be printed and timestep,core,none,string,,,print.prt,yes
3,SIMULATION,file.cio,file_cio,obj_prt,obj_prt,delimited,4,2,file_cio,obj_prt,User defined output files,core,none,string,,,object.prt,yes
4,SIMULATION,file.cio,file_cio,obj_cnt,obj_cnt,delimited,5,2,file_cio,obj_cnt,Spatial object counts,core,none,string,,,object.cnt,yes
5,SIMULATION,file.cio,file_cio,cs_db,cs_db,delimited,6,2,file_cio,cs_db,Constituents files,core,none,string,,,constituents.cs,yes
6,SIMULATION,file.cio,file_cio,bsn_code,bsn_code,delimited,2,3,file_cio,bsn_code,Basin codes,core,none,string,,,codes.bsn,yes
7,SIMULATION,file.cio,file_cio,bsn_parm,bsn_parm,delimited,3,3,file_cio,bsn_parm,Basin parameters,core,none,string,,,parameters.bsn,yes
8,SIMULATION,file.cio,file_cio,wst_dat,wst_dat,delimited,2,4,file_cio,wst_dat,Weather stations,core,none,string,,,weather-sta.cli,yes
9,SIMULATION,file.cio,file_cio,wgn_dat,wgn_dat,delimited,3,4,file_cio,wgn_dat,Weather generator data,core,none,string,,,weather-wgn.cli,yes
10,SIMULATION,file.cio,file_cio,pcp_dat,pcp_dat,delimited,5,4,file_cio,pcp_dat,Precipitation data file names,core,none,string,,,pcp.cli,yes
11,SIMULATION,file.cio,file_cio,tmp_dat,tmp_dat,delimited,6,4,file_cio,tmp_dat,Maximum/minimum temperature file names,core,none,string,,,tmp.cli,yes
12,SIMULATION,file.cio,file_cio,slr_dat,slr_dat,delimited,7,4,file_cio,slr_dat,Solar radiation file names,core,none,string,,,slr.cli,yes
13,SIMULATION,file.cio,file_cio,hmd_dat,hmd_dat,delimited,8,4,file_cio,hmd_dat,Relative humidity file names,core,none,string,,,hmd.cli,yes
14,SIMULATION,file.cio,file_cio,wnd_dat,wnd_dat,delimited,9,4,file_cio,wnd_dat,Wind data file names,core,none,string,,,wnd.cli,yes
15,SIMULATION,file.cio,file_cio,atmo_dep_db,atmo_dep_db,delimited,10,4,file_cio,atmo_dep_db,Atmospheric deposition,core,none,string,,,atmo.cli,yes
16,SIMULATION,file.cio,file_cio,hru_con,hru_con,delimited,2,5,file_cio,hru_con,HRU connections,core,none,string,,,hru.con,yes
17,SIMULATION,file.cio,file_cio,lhru_con,lhru_con,delimited,3,5,file_cio,lhru_con,HRU lte connections,core,none,string,,,hru-lte.con,yes
18,SIMULATION,file.cio,file_cio,rtu_con,rtu_con,delimited,4,5,file_cio,rtu_con,Routing Unit connections,core,none,string,,,rout_unit.con,yes
19,SIMULATION,file.cio,file_cio,gwflow_con,gwflow_con,delimited,5,5,file_cio,gwflow_con,Groundwater flow connections,core,none,string,,,gwflow.con,yes
20,SIMULATION,file.cio,file_cio,aqu_con,aqu_con,delimited,6,5,file_cio,aqu_con,Aquifer connections,core,none,string,,,aquifer.con,yes
21,SIMULATION,file.cio,file_cio,aqu_2d_con,aqu_2d_con,delimited,7,5,file_cio,aqu_2d_con,Aquifer 2d connections,core,none,string,,,aquifer2d.con,yes
22,SIMULATION,file.cio,file_cio,cha_con,cha_con,delimited,8,5,file_cio,cha_con,Channel connections,core,none,string,,,channel.con,yes
23,SIMULATION,file.cio,file_cio,res_con,res_con,delimited,9,5,file_cio,res_con,Reservoir connections,core,none,string,,,reservoir.con,yes
24,SIMULATION,file.cio,file_cio,rec_con,rec_con,delimited,10,5,file_cio,rec_con,Recall connections,core,none,string,,,recall.con,yes
25,SIMULATION,file.cio,file_cio,exco_con,exco_con,delimited,11,5,file_cio,exco_con,Export coefficient connections,core,none,string,,,exco.con,yes
26,SIMULATION,file.cio,file_cio,del_con,del_con,delimited,12,5,file_cio,del_con,Delivery ratio connections,core,none,string,,,delratio.con,yes
27,SIMULATION,file.cio,file_cio,out_con,out_con,delimited,13,5,file_cio,out_con,Outlet connections,core,none,string,,,outlet.con,yes
28,SIMULATION,file.cio,file_cio,lcha_con,lcha_con,delimited,14,5,file_cio,lcha_con,Channel lte connections,core,none,string,,,chandeg.con,yes
88,SIMULATION,time.sim,time,id,id,delimited,1,1,time_sim,id,Time data identifier,core,none,integer,1,1,1,yes
89,SIMULATION,time.sim,time,day_start,day_start,delimited,2,1,time_sim,day_start,Starting day of simulation,core,julian day,integer,1,366,1,yes
90,SIMULATION,time.sim,time,yrc_start,yrc_start,delimited,3,1,time_sim,yrc_start,Starting year of simulation,core,year,integer,1900,2100,2000,yes
91,SIMULATION,time.sim,time,day_end,day_end,delimited,4,1,time_sim,day_end,Ending day of simulation,core,julian day,integer,1,366,365,yes
92,SIMULATION,time.sim,time,yrc_end,yrc_end,delimited,5,1,time_sim,yrc_end,Ending year of simulation,core,year,integer,1900,2100,2010,yes
93,SIMULATION,time.sim,time,step,step,delimited,6,1,time_sim,step,Time step,core,none,integer,0,2,0,yes
94,SIMULATION,print.prt,print,n_yrs_skip,n_yrs_skip,delimited,1,1,print_prt,n_yrs_skip,Number of years to skip before output,core,years,integer,0,100,0,yes
95,SIMULATION,print.prt,print,jd_start,jd_start,delimited,2,1,print_prt,jd_start,Starting julian day for output,core,julian day,integer,0,366,0,yes
96,SIMULATION,print.prt,print,yrc_start,yrc_start,delimited,3,1,print_prt,yrc_start,Starting year for output,core,year,integer,1900,2100,2000,yes
97,SIMULATION,print.prt,print,jd_end,jd_end,delimited,4,1,print_prt,jd_end,Ending julian day for output,core,julian day,integer,0,366,0,yes
98,SIMULATION,print.prt,print,yrc_end,yrc_end,delimited,5,1,print_prt,yrc_end,Ending year for output,core,year,integer,1900,2100,2010,yes
99,SIMULATION,print.prt,print,interval,interval,delimited,6,1,print_prt,interval,Output interval,core,none,integer,0,4,0,yes
100,SIMULATION,print.prt,print,aa_int_cnt,aa_int_cnt,delimited,7,1,print_prt,aa_int_cnt,Average annual interval count,core,none,integer,0,50,0,yes
101,SIMULATION,print.prt,print,aa_int,aa_int,delimited,8,1,print_prt,aa_int,Average annual interval,core,years,integer,0,50,0,yes
102,SIMULATION,print.prt,print,aa_yrs,aa_yrs,delimited,9,1,print_prt,aa_yrs,Average annual years,core,years,integer,0,50,0,yes
103,SIMULATION,print.prt,print,csvout,csvout,delimited,10,1,print_prt,csvout,CSV output flag,core,none,string,,,y,yes
104,SIMULATION,print.prt,print,db_files,db_files,delimited,11,1,print_prt,db_files,Database files flag,core,none,string,,,n,yes
105,SIMULATION,print.prt,print,dbout,dbout,delimited,12,1,print_prt,dbout,Database output flag,core,none,string,,,n,yes
106,SIMULATION,print.prt,print,cdfout,cdfout,delimited,13,1,print_prt,cdfout,NetCDF output flag,core,none,string,,,n,yes
107,SIMULATION,print.prt,print,soilout,soilout,delimited,14,1,print_prt,soilout,Soil output flag,core,none,string,,,n,yes
1006,SIMULATION,time.sim,time,time%day_start,time%day_start,delimited,1,1,time_read,time%day_start,Day for time read,yes,none,datetime,0,999,0,yes
1007,SIMULATION,time.sim,time,time%yrc_start,time%yrc_start,delimited,1,1,time_read,time%yrc_start,Year for time read,yes,none,datetime,0,999,0,yes
1008,SIMULATION,time.sim,time,time%day_end,time%day_end,delimited,1,1,time_read,time%day_end,Day for time read,yes,none,datetime,0,999,0,yes
1009,SIMULATION,time.sim,time,time%yrc_end,time%yrc_end,delimited,1,1,time_read,time%yrc_end,Year for time read,yes,none,datetime,0,999,0,yes
1010,SIMULATION,time.sim,time,time%step,time%step,delimited,1,1,time_read,time%step,step parameter for time read,yes,none,datetime,0,999,0,yes
